2000
44 1647
620 1934
905 650
287 1342
1901 703
715 1156
361 1983
1898 698
841 901
1373 1451
1676 1535
1768 637
1194 1617
528 1558
303 58
336 1315
353 1304
1663 660
844 972
1593 1084
1665 705
728 1186
1585 1810
492 55
1807 1941
626 1449
34 1556
1232 71
11 365
125 1712
552 347
1966 1313
270 460
782 976
768 204
1532 1454
492 1021
758 879
999 589
1058 146
589 1588
537 944
278 882
1599 1676
1393 471
829 1998
1588 938
1994 812
372 1820
1115 1566
1893 1717
940 425
1758 1004
1804 506
174 771
1040 1365
1677 1721
1933 623
1516 1646
1751 1126
1324 520
1254 65
1910 464
1584 127
1979 659
1118 284
1362 43
1765 1067
1830 255
1569 1905
1168 1538
1188 1676
273 1903
32 1200
771 1680
1632 860
514 814
1138 1540
194 304
953 79
949 1711
1982 463
528 1414
1537 1638
1824 898
1679 305
607 1511
1082 915
557 795
1167 561
1034 482
479 208
1418 420
592 396
901 228
1673 1842
1643 1119
346 438
629 1242
10 329
988 52
119 923
933 201
459 417
1238 49
1146 887
1419 1154
1041 1090
1506 42
1419 1725
1481 571
1472 4
330 736
1829 1454
1381 1392
967 1631
1787 1353
1450 999
683 1731
1423 528
873 1785
126 1952
1335 53
944 1058
1417 649
774 1142
407 746
802 484
1776 1594
908 1398
1569 1124
647 1235
66 913
1728 430
884 1666
569 47
658 284
1285 413
651 1214
259 892
1769 1768
384 1036
760 328
1578 1035
538 1091
504 339
0 1815
1443 1664
27 1170
50 930
1336 1214
1322 1394
1565 1751
310 1472
78 588
43 295
1826 181
1684 1669
1961 1091
561 615
101 1767
681 729
1310 1125
1674 1456
1749 189
1702 1689
1899 1295
1345 1734
1519 360
1539 967
783 1709
139 262
1150 363
1528 306
1635 258
1978 64
861 147
45 281
832 1589
1199 236
14 477
1097 1572
1549 114
1876 492
674 1308
1889 1570
855 776
1781 1166
337 563
1942 1828
382 1066
147 1978
1058 578
1253 530
940 605
1016 1871
388 1015
1506 1524
1235 1747
88 425
1200 1523
1266 1791
84 250
455 1997
1863 314
1008 264
1336 158
1213 1008
1174 1364
1893 1832
1919 467
1834 1957
668 310
157 1147
650 111
1234 808
624 481
1601 855
1706 1554
1200 1641
910 1484
1774 977
971 72
1486 885
1802 1260
1874 445
903 1985
826 1679
853 127
783 1086
1760 245
136 294
1419 707
303 1115
941 1556
819 657
1315 746
294 1752
1772 1089
661 1508
252 652
297 1524
891 1773
1525 1266
1127 1183
227 1455
717 245
324 1254
42 1658
66 1039
1929 236
614 1094
1147 1307
1106 490
130 1026
114 1250
1852 1405
1042 1227
194 1321
1182 313
157 1120
470 81
1913 778
1269 1908
1315 978
1999 1692
994 1761
1003 1323
1685 206
1115 1283
1432 496
1750 141
900 1941
190 1101
1292 1697
1272 1191
1128 1000
1487 1154
791 78
909 570
252 1344
529 1148
30 1329
1841 609
1644 1991
631 853
1337 323
1765 1518
830 646
722 995
437 144
195 591
422 1206
184 825
784 1762
557 335
898 1190
998 1173
1081 424
1057 1943
120 1904
904 860
1468 144
958 1209
1935 1540
1688 1039
1066 740
1358 449
1987 1273
1197 1205
1055 1797
996 1341
1667 420
1080 1170
1928 1454
1932 926
114 1155
1960 333
1286 1447
746 1427
1791 114
161 1388
507 1913
658 942
1965 1893
1775 1138
1916 1468
172 1762
639 233
1760 641
406 528
550 1171
1193 459
794 373
494 1020
1401 1680
1272 691
1425 605
1957 399
1330 934
283 168
1471 732
1710 1204
1254 1888
1737 1770
1046 1858
1377 1582
472 809
487 1163
848 1707
236 574
209 285
1761 1898
111 279
1688 525
848 1852
1963 1589
607 404
123 268
377 810
1751 1745
84 1104
1526 533
1561 875
1073 1872
1771 833
176 823
1212 336
1906 43
1048 760
538 1888
280 1057
1244 1374
168 469
131 1069
1533 236
1090 349
885 1049
1846 983
481 1823
816 1074
730 565
858 440
1050 936
528 1989
507 1979
1705 60
1351 1815
34 624
485 457
1534 1667
1976 1870
1070 1381
1177 150
48 1190
1961 309
1401 1775
455 1295
1946 574
174 1464
787 961
387 249
1745 1782
1270 444
452 86
1570 828
77 929
1934 383
1597 1196
1625 1185
93 593
1360 466
1978 435
870 589
710 811
965 1453
1591 1116
175 1983
1842 534
1031 1976
111 1114
303 98
1705 1035
235 153
1820 1727
1344 1225
305 1162
951 916
167 1760
291 676
273 1067
972 884
1168 1745
1745 1916
1534 1654
1220 1457
492 715
917 1167
261 324
1392 104
1292 1677
1929 1222
1215 1513
633 769
1999 334
1875 121
1911 786
861 174
245 1119
33 1561
576 572
118 99
502 502
1615 1850
1973 659
235 27
374 85
1570 808
1111 979
466 55
183 911
99 1880
688 303
702 1275
1789 1259
769 1097
1937 1278
441 1813
601 969
1438 1918
554 513
831 692
153 148
1468 701
1902 1395
1166 1537
1643 1692
1411 101
1631 1608
1132 327
1153 1213
1548 1304
1484 775
53 1310
1138 716
127 485
190 1423
1111 692
534 1966
542 1391
743 1653
1753 364
776 1283
14 273
1771 1064
872 1500
1828 1452
1526 66
23 546
1171 1822
1291 1993
884 1162
374 190
396 918
1454 756
786 1288
404 881
1137 687
1339 1583
591 1342
734 1424
1665 281
1767 111
1763 1691
1384 1787
1625 603
63 1623
77 1651
1496 819
1440 1663
1805 468
827 589
532 1926
1975 393
1046 512
1379 1660
1554 410
796 161
1523 349
956 850
1138 1840
1609 14
1857 1684
1538 396
523 1458
1115 1226
1878 1308
1743 990
537 263
285 649
1685 81
1632 718
1628 1016
1760 1461
633 1404
1499 1119
602 1050
1337 118
785 860
1 367
592 443
198 1201
665 661
1327 1476
403 1454
1070 680
623 1706
1144 929
173 1053
1344 998
1918 1976
69 1683
1326 1104
1073 1094
443 182
370 1550
1633 934
1585 264
1863 534
809 566
173 1014
1470 248
133 1112
466 1319
985 289
539 969
92 620
791 84
1203 748
1274 633
476 1605
1622 367
628 23
1819 291
1377 792
14 648
1276 489
1521 518
928 1854
11 295
568 1052
86 645
1634 714
1680 1585
860 1680
87 526
1180 224
559 722
1508 245
121 126
696 715
1680 1134
1417 578
1955 1594
807 17
1185 930
1338 926
1314 250
27 489
823 1792
1247 851
1205 1319
1755 277
1656 673
638 1905
1108 657
249 938
408 1215
1734 1394
5 995
700 1186
771 415
41 706
369 1060
1137 98
1035 293
903 1476
222 1488
88 1537
1234 1875
262 1195
658 1200
78 1630
226 946
916 674
281 1562
475 844
104 1729
1340 0
538 773
1272 58
138 1049
667 1414
1935 1531
1141 246
1699 429
1574 1507
40 870
38 1207
676 347
1505 383
991 406
1813 1818
1863 477
1610 1961
1175 333
1463 1591
58 1864
365 1071
879 1053
476 1096
283 553
1041 914
1908 1401
1300 1560
1656 261
184 1352
116 725
648 480
1671 883
385 1478
373 969
318 548
506 1866
1246 262
1961 1793
779 1872
964 1350
240 1113
1899 909
1841 391
1444 1813
632 529
1814 581
1776 18
1717 1478
1688 634
488 1117
1999 1036
565 880
923 484
1921 874
438 782
756 28
944 1541
1338 88
1560 220
1178 1378
1016 1185
894 1577
301 1632
766 1109
1138 1045
682 1544
824 1991
59 1675
1984 1009
707 1658
1626 1092
1242 446
1752 677
897 1406
639 563
111 1609
183 139
579 1724
967 1259
1664 168
19 1279
298 81
1653 931
157 228
1719 1680
522 858
1686 87
588 1518
1419 1916
123 915
1059 339
242 1361
119 516
697 948
146 53
1715 388
1180 32
1816 1546
1288 681
826 712
1164 1110
874 1248
859 1617
1950 1001
738 1843
597 1576
1514 1428
995 1850
1952 1151
953 1338
1097 1522
920 389
1616 1479
1154 1674
1237 585
511 746
1121 701
1276 1647
624 1753
494 591
377 185
127 250
685 935
386 1452
1692 1750
1989 913
433 117
748 622
449 89
1783 1351
1419 1055
183 31
1482 1384
960 901
438 414
1847 737
1401 701
1376 1952
1042 741
580 380
281 636
367 1169
402 181
796 541
1476 1735
1656 720
158 1639
999 1297
1432 1675
548 1651
378 1053
3 1053
1620 1516
888 1443
900 1919
943 1595
1938 1838
1014 647
1562 570
1799 218
1377 906
1507 1240
459 1768
612 1626
1871 544
817 187
114 1087
1057 1338
805 782
200 983
1949 1380
479 46
431 1925
151 637
1662 194
1007 15
134 673
838 1063
1643 1277
1384 1165
1538 659
936 1198
1373 1987
1794 37
1456 1063
1607 356
804 1305
561 841
1874 1243
450 515
286 1637
783 1147
15 507
960 449
1399 670
1958 1799
635 754
343 1667
1957 1841
849 881
623 1395
1746 56
968 1034
405 1645
324 381
1869 1838
105 1745
453 1756
1386 529
1489 89
1106 1566
160 1384
379 1095
628 1418
453 1846
222 1134
952 1859
330 133
1498 156
275 205
924 75
1040 498
777 987
52 154
1792 1978
921 1282
1282 612
1781 1866
566 823
1369 20
574 1936
226 111
836 221
518 852
188 1780
83 1015
1963 154
748 238
1994 793
1056 259
827 57
88 1533
1801 938
1453 1895
1014 508
108 268
443 1339
631 530
1575 1244
110 347
673 785
174 1462
1705 9
1428 26
541 1761
645 1383
1507 912
275 1887
1932 14
1984 630
72 44
654 329
307 1489
174 1357
488 770
1471 1527
1299 999
1184 1015
755 1856
792 1729
60 425
1522 1496
1292 408
526 1273
733 339
1589 365
234 653
1256 315
1853 462
1765 1016
829 381
927 784
676 1239
1843 1570
871 37
763 1146
1329 166
1057 427
1129 679
678 1863
1957 811
544 135
341 666
1168 1187
326 946
581 1031
1235 1102
1934 593
945 99
1470 312
1216 1536
352 145
245 1853
1361 649
1372 1490
596 1215
239 1451
1772 1302
1311 304
128 1834
821 862
1399 1087
1401 1041
1087 1357
75 28
599 736
1524 885
1476 965
1821 1161
1811 1823
1797 1073
1518 1313
903 366
1377 1702
830 1775
1246 1907
1805 1519
402 1264
246 1955
735 322
764 1629
1093 348
1630 620
1515 1200
1955 994
1951 1292
1403 976
1222 1888
1944 1977
823 1929
386 167
201 453
1366 1194
1930 1566
1465 944
1658 1851
1680 1795
1494 465
615 495
1299 990
1279 1180
234 1114
1444 93
1310 1381
1845 326
225 1572
1640 1919
1610 434
903 1687
1563 1498
1069 87
1317 1593
1051 722
1926 175
1976 599
120 747
1211 1586
1626 1977
1422 1403
1352 1187
433 1492
1480 742
609 1194
320 769
534 542
685 1301
1963 826
220 1146
6 542
1328 702
63 1272
630 1574
42 1901
1773 460
704 658
625 140
896 323
1739 1536
390 185
1335 847
1014 1269
985 1160
276 1696
92 1262
680 769
1111 1687
1094 587
1660 1789
45 1562
1577 209
1492 1812
1745 1395
741 897
214 698
179 158
1666 1375
1323 1844
701 500
1232 1808
321 1033
406 1616
209 814
44 485
144 1520
810 74
1678 456
1226 1661
992 1770
116 536
496 884
507 184
183 1460
1404 475
367 58
457 1431
965 541
327 227
91 45
27 1905
983 1051
245 110
1151 754
49 1753
1646 1373
828 1327
1252 1708
120 1929
1 1794
22 686
1641 1556
756 1693
306 1043
413 1998
826 985
173 775
793 44
1359 692
1942 1702
1471 843
1718 1372
1660 1189
537 455
375 1259
904 1812
629 1165
1089 2000
97 469
1424 798
1262 1233
1220 191
1248 272
1316 831
223 1564
940 483
1878 885
571 795
695 1274
1856 486
1654 683
1693 1565
649 1065
185 330
440 1647
1394 1552
1897 891
1178 1278
1772 1507
304 721
1432 260
1003 812
461 1215
535 1090
1853 484
565 1226
604 370
1536 538
603 1887
1316 1149
1215 1212
1931 1651
411 110
974 109
1990 1955
638 964
669 1106
1751 1040
258 1299
690 718
1179 1947
1206 866
1008 1763
1544 351
1093 1840
469 228
700 665
612 463
1280 1045
1042 1027
38 195
354 732
1070 70
1829 1362
1352 1732
664 1484
900 683
1516 211
8 876
1980 1685
530 9
993 1141
495 84
1421 664
706 410
218 130
761 340
321 1624
1052 466
1910 1576
1128 1945
1526 13
943 605
85 871
1458 1794
375 386
1499 58
455 698
1793 429
1320 1855
1244 1677
103 121
75 1751
1716 1158
912 256
834 1929
1536 412
718 1782
1023 1664
190 86
1641 324
1633 236
1419 1051
156 1569
1796 1241
767 281
1523 1435
1268 950
159 654
816 1537
1999 943
461 1509
1588 144
861 659
653 455
693 646
606 1220
491 572
1783 1159
1887 674
670 959
1576 1196
572 1235
1429 1310
353 482
777 154
243 1404
1677 1690
638 1200
1258 1247
873 1051
607 652
1641 1547
276 1250
596 1534
1981 1941
107 174
1952 1685
1959 652
1554 385
111 1383
1730 1919
731 1329
1265 489
478 1161
1288 45
691 643
108 387
615 1579
1558 825
1760 1979
553 508
1490 118
287 986
1306 1052
225 496
1459 182
1689 457
426 237
472 26
684 1844
381 1627
136 1519
1849 382
996 946
1535 65
1787 1289
1377 1914
922 481
479 1911
301 879
805 1421
1633 920
1472 1204
893 94
1048 1224
1384 1348
208 442
25 1297
1914 1838
567 1115
57 386
46 1599
767 890
876 1972
821 1392
833 247
902 1152
1286 1643
1616 769
1832 1825
35 474
65 240
207 861
1363 451
495 609
1018 384
1925 1547
1408 671
1302 1498
1349 869
756 1854
516 1427
1195 1292
1846 901
1408 688
1360 120
1206 128
733 116
1300 1836
786 881
590 910
440 424
57 1993
1641 1426
1970 1298
1814 1591
401 1253
1317 1048
652 118
591 1785
1288 922
1037 33
1785 1935
1132 136
1084 972
98 907
1179 1894
2000 927
1378 1523
870 950
1915 1359
803 820
838 893
3 126
872 492
1957 66
495 1109
1125 622
1871 1640
1038 658
1939 1777
1602 1583
1161 1992
803 283
1143 1200
832 25
1063 1203
191 1573
1860 893
509 1522
945 126
1551 636
224 1010
1108 1953
77 877
56 1607
342 8
610 741
1084 1484
521 558
198 1010
1964 1871
1326 274
1853 205
1352 389
731 662
1836 1695
1082 1094
241 392
1858 1571
764 245
1754 1030
1720 1972
1518 1053
521 989
72 943
1598 1832
1750 1104
1016 911
485 909
930 14
888 685
605 137
891 1900
72 292
1680 732
967 1063
1090 1582
687 1191
621 1227
864 1375
1117 1350
1457 1462
1634 1344
430 1826
676 41
1135 468
1674 1145
1554 1363
338 385
739 279
915 1696
1238 1965
948 171
1167 1700
1820 1679
1843 1734
469 183
1991 1747
375 1087
891 1360
887 217
1256 1945
1105 1535
1004 522
182 647
735 257
1621 12
862 307
1513 1012
642 1969
568 192
1406 1529
560 652
818 806
1500 1643
616 1219
910 1809
447 1914
1063 409
1173 1145
1163 118
190 1897
816 684
312 1565
1057 1038
1780 1992
440 360
510 699
1821 214
1720 71
1975 181
1943 1548
1570 1245
806 519
1807 1531
1686 879
990 1506
377 32
145 283
79 1349
265 789
180 58
645 498
1317 422
407 1380
1335 1360
1447 1320
844 1945
594 1389
246 118
390 1371
1779 1034
1098 908
716 1861
1832 1391
1320 1229
1894 1538
71 1716
1857 875
251 411
1089 322
169 1447
589 1137
1056 169
1417 1945
540 1723
1867 1307
1 1586
994 494
1499 608
644 137
732 715
1646 125
774 89
259 1426
262 967
1468 293
735 603
702 1237
749 1693
156 1519
620 1020
664 141
119 1286
1351 995
1991 843
981 1438
71 706
1274 1177
176 1936
1322 991
1964 1734
872 1908
1906 1055
1361 1141
1098 1883
1663 1604
1029 203
1667 313
657 1948
1509 1092
1232 946
88 1703
1025 1491
727 561
192 590
991 1574
1677 1226
317 1322
945 232
843 9
797 22
515 1836
1156 1683
361 758
1191 1961
1516 1485
1489 1245
1905 715
718 805
1997 1815
1329 646
1457 1501
721 1699
1864 359
1490 1162
1216 552
445 1781
950 1692
1881 1249
1134 272
841 1396
1986 1311
1797 282
1683 771
1789 67
863 375
353 1243
1190 1050
199 309
1443 1739
1621 1121
1300 565
1712 25
1543 1448
207 1966
1974 529
1467 781
640 1743
854 88
456 1084
132 1777
181 615
1615 1022
1217 491
1067 1357
1679 418
850 829
1718 416
458 373
1959 969
1699 1625
1097 985
1620 1805
1725 1201
619 577
1004 1859
384 724
595 688
385 91
1656 475
1162 878
372 1254
256 740
356 224
386 1360
401 836
1774 976
210 1217
1327 1459
771 514
252 380
126 1911
1975 410
1277 1479
1426 1831
1422 173
1208 1215
1330 1342
232 769
1935 1349
647 1030
346 1014
362 1850
312 1152
1009 1075
123 1645
1793 751
879 1911
1669 685
1414 551
272 600
436 521
806 455
444 832
551 692
797 1286
948 1405
1176 814
1106 1564
1894 1854
1964 1379
1519 224
154 621
405 1677
122 866
1324 236
1222 1263
1113 649
202 5
361 101
629 1947
760 478
1012 433
1197 299
1268 121
1226 719
1630 292
675 702
1199 1197
570 1674
425 595
233 1118
523 1394
989 585
1131 1670
94 1285
1858 1142
216 1477
613 1676
1445 1514
963 1249
1130 711
1562 129
677 1873
1138 793
1120 811
251 1658
1910 476
1612 1758
1358 773
1052 1781
1160 976
1451 461
988 835
457 57
312 773
1496 2000
1453 1514
1201 198
1916 1789
635 842
28 1737
928 1312
773 120
871 1969
909 1044
1522 102
332 1093
163 1287
210 1680
411 1659
395 504
418 1478
1915 92
224 1985
1225 68
996 352
1968 702
1119 5
62 1292
1188 467
352 514
438 720
576 1151
1192 924
1181 1442
708 432
63 114
338 740
224 1430
374 193
118 1056
1561 1693
1981 1220
1281 1972
326 40
656 1359
1340 1815
1798 235
1089 1331
1131 567
235 1199
725 1990
43 1200
412 159
1608 1137
1314 1399
1671 1622
700 1918
1062 1498
1378 1465
8 1978
1395 1851
33 903
206 128
1873 515
1350 45
131 415
1498 773
1886 1468
435 1891
1874 854
1667 1857
1044 1074
1084 1706
1626 1664
1700 1268
85 1019
870 338
126 1680
522 1490
68 1955
979 1495
459 43
675 1200
647 477
930 10
431 602
48 234
188 1892
1017 746
402 408
486 1432
1150 164
1874 378
1920 1989
1159 756
1602 764
1941 888
661 1450
1333 1029
1182 1385
493 1925
1218 1438
1678 1935
857 1300
1210 1865
199 1740
1808 1089
119 1216
1229 1101
489 1281
1272 903
201 332
69 1558
1847 137
454 181
632 1846
378 432
1436 788
457 848
1006 1299
1913 1761
1634 812
352 782
243 677
1523 641
242 979
1786 1626
733 586
942 1383
214 1678
227 336
262 1481
150 735
842 1824
960 1490
1376 297
648 1775
1050 1095
717 285
856 1447
1446 890
1936 178
1375 1548
755 1550
1628 1295
1180 172
1560 927
1720 1563
774 1946
875 432
1407 683
734 65
1255 457
1689 1887
564 1112
1735 603
85 352
1793 788
590 1495
958 1931
383 1967
257 976
177 863
1717 1079
1543 1004
1572 262
381 227
320 1072
952 766
1845 476
1547 646
1331 451
537 1230
1605 349
1376 1777
1463 695
391 1801
232 702
360 911
495 1960
302 1492
1065 549
1018 1387
1862 63
1537 1898
620 894
1745 1119
436 1897
1092 358
866 313
1682 915
340 9
1518 271
909 1401
1593 1049
1590 535
653 492
452 414
130 289
367 704
518 1724
1567 1786
1786 199
1124 1059
1871 1372
30 1386
1646 1665
661 1570
625 1799
1414 831
752 1884
1439 1719
1372 1175
445 1809
351 1635
1741 1077
302 910
310 1351
236 650
357 406
924 1787
1960 631
1566 766
737 192
494 383
1391 547
175 1430
658 942
51 958
579 344
373 343
988 1252
666 1501
933 755
665 1408
643 763
1146 85
285 1783
1108 1600
1040 1135
1494 1633
415 1472
773 1813
409 210
1408 408
46 135
1081 710
845 907
765 517
474 1913
326 759
1859 873
1371 1008
862 1685
1735 48
1146 1523
56 1985
1513 326
1660 606
1740 96
649 580
267 470
307 738
603 19
1858 1797
1236 822
791 1956
255 1378
74 1991
1465 1899
556 1056
1043 844
733 1879
1829 503
1969 128
1716 978
1468 332
636 841
461 124
1981 1198
1470 1369
1068 1876
1534 247
1268 1391
1576 1187
48 1786
1581 1033
1979 1000
1082 462
1405 1828
1472 1863
1536 1713
566 463
1281 730
643 1081
564 1871
543 241
783 1892
1086 161
1128 1552
785 753
1660 1029
326 1965
398 1957
1356 183
808 880
1887 1121
1281 1942
976 914
822 446
996 1648
659 411
1102 257
246 1493
1633 295
25 877
501 263
327 1300
711 1773
875 151
1566 6
986 1464
995 1270
1907 236
1480 46
1282 686
199 877
1880 1294
1919 1143
271 951
1758 1135
749 710
1918 663
1056 1387
603 1005
1696 1122
1281 116
1190 1053
568 1612
22 1317
1360 1555
73 571
1515 969
331 1420
1594 221
1693 812
1302 1218
132 406
474 957
