900
502 540
8 520
64 435
39 741
3 302
437 622
529 154
896 406
108 53
133 363
308 167
0 200
527 125
441 562
787 648
892 834
157 752
376 266
222 353
4 317
160 835
186 321
415 762
66 665
157 189
740 220
103 643
796 573
86 877
77 727
541 133
98 818
175 196
641 306
81 828
253 114
517 523
275 196
305 125
626 795
46 672
818 420
557 69
280 795
546 247
504 477
837 160
539 520
302 541
532 262
196 214
667 818
557 552
556 734
828 318
101 608
695 596
87 467
358 600
414 32
649 836
179 814
684 599
688 744
90 42
780 234
216 289
448 552
54 43
374 709
723 844
176 767
847 733
463 283
160 386
302 332
759 669
633 263
6 167
241 317
595 328
79 211
560 764
324 821
202 380
446 859
175 332
563 255
461 638
632 466
282 89
842 641
154 167
517 321
145 110
138 714
367 854
818 438
198 37
794 691
235 666
55 472
459 266
12 514
775 867
789 281
213 204
833 198
577 172
507 333
291 568
739 549
414 628
157 21
523 732
688 297
874 416
620 477
516 412
834 183
859 153
748 542
380 21
575 459
884 102
822 207
132 225
368 890
504 0
190 486
254 536
195 207
5 316
526 758
239 108
638 445
608 17
628 34
611 509
388 786
711 665
330 283
447 89
394 566
39 872
411 787
264 156
510 120
840 115
548 445
847 346
627 556
809 276
414 54
364 266
55 128
575 621
174 168
410 514
738 175
809 522
598 236
122 377
791 380
260 392
404 414
244 544
255 363
285 91
823 530
655 326
551 647
500 803
691 68
518 463
747 706
658 809
20 604
796 478
254 153
51 191
9 85
25 191
282 647
183 863
623 90
491 602
197 64
641 328
303 687
678 285
865 280
362 497
5 184
755 77
773 406
274 644
307 107
846 740
182 275
629 424
897 283
464 224
617 868
49 129
346 582
352 243
469 650
542 187
257 660
465 618
718 177
596 49
286 217
178 700
744 890
834 122
695 137
774 741
489 757
687 33
791 72
380 713
571 658
441 750
116 440
129 668
358 687
671 30
441 396
387 710
654 17
656 127
676 827
414 16
541 105
122 563
481 513
440 898
686 264
229 882
652 875
532 57
280 710
462 660
152 357
29 174
740 669
513 700
835 800
206 484
663 771
733 55
303 25
856 9
67 142
676 427
612 555
307 379
744 406
396 811
19 490
5 641
149 261
44 438
165 234
158 693
234 291
808 671
527 678
664 151
493 549
16 87
601 796
188 87
785 588
271 843
756 172
71 887
406 153
279 830
89 687
506 707
164 365
780 286
470 606
533 93
843 838
176 678
363 810
319 688
558 495
459 587
349 427
851 557
116 577
390 526
411 534
810 825
33 792
355 191
381 565
268 793
766 326
298 800
474 330
290 378
170 846
235 568
593 219
649 540
237 601
837 828
825 362
372 128
102 466
781 602
430 869
817 190
513 181
806 825
886 237
624 772
421 170
766 352
27 27
57 732
529 724
321 208
616 677
257 305
133 871
570 323
558 725
317 713
30 287
573 74
482 401
503 359
441 883
273 613
698 692
119 551
646 545
287 601
628 382
328 634
896 871
219 721
520 649
800 212
852 53
266 606
652 490
450 25
13 819
847 638
466 361
35 414
223 740
667 407
759 494
323 465
347 739
675 624
328 771
882 38
898 55
488 536
38 512
351 845
385 12
880 878
555 599
781 504
224 86
488 177
584 510
715 651
433 196
304 173
860 532
603 133
170 607
359 801
448 253
657 844
180 8
463 767
503 274
636 739
161 338
867 634
411 443
809 596
833 701
238 338
482 57
877 823
507 372
372 11
485 580
816 561
199 889
224 700
530 365
26 482
846 610
504 834
136 186
346 641
816 110
791 843
410 170
646 862
135 582
240 370
308 89
289 152
636 6
498 218
244 742
520 19
352 797
646 679
213 456
710 610
602 835
67 571
184 299
189 388
33 307
158 179
266 400
103 698
756 820
51 27
30 366
758 572
276 650
690 654
728 538
728 187
254 144
696 899
674 674
708 100
84 787
491 620
688 245
237 568
29 136
149 19
438 151
684 414
346 729
71 457
573 689
361 871
876 881
476 834
771 803
201 271
754 33
540 531
191 77
527 476
770 792
384 764
208 502
483 255
315 520
207 679
89 92
544 585
439 873
456 451
733 531
111 637
508 717
541 193
204 285
774 705
377 99
523 177
579 659
815 481
390 573
71 72
458 135
241 28
252 549
138 92
549 600
467 94
689 606
826 133
24 349
793 281
700 733
742 229
558 49
165 651
344 306
19 511
294 698
813 290
277 612
417 613
887 847
64 464
328 382
474 162
128 274
141 472
899 243
17 378
844 541
633 770
106 56
425 196
328 796
834 771
174 216
668 141
73 56
561 369
617 771
204 343
447 517
444 237
196 860
146 193
854 63
178 701
179 404
832 343
656 617
348 487
588 474
211 230
602 809
200 494
24 559
158 833
877 702
760 831
389 268
225 428
629 122
63 443
812 485
474 725
42 559
374 563
181 721
609 622
311 690
580 287
369 803
273 336
96 782
521 202
469 677
232 552
240 165
481 582
410 113
259 603
113 279
766 738
60 614
513 449
456 379
215 840
100 480
253 387
521 183
216 453
834 393
636 713
700 541
313 424
17 849
274 230
615 493
286 554
346 772
458 499
214 697
703 453
272 80
399 522
739 874
167 197
483 726
176 522
683 470
522 206
21 886
476 746
43 198
529 57
495 744
853 626
719 519
626 314
745 691
201 407
101 119
444 737
651 482
670 813
702 594
144 539
198 624
256 845
269 37
877 71
112 95
171 32
535 214
367 429
496 776
12 676
517 436
338 200
756 83
532 881
592 558
643 827
523 676
888 81
336 474
313 271
100 808
743 797
795 734
723 16
600 93
349 750
16 156
443 900
715 667
292 715
359 314
659 270
559 647
551 46
367 384
209 301
558 276
594 167
823 329
423 428
550 361
354 856
76 101
362 65
171 564
853 234
658 652
250 221
704 50
584 309
413 622
19 32
572 95
744 24
443 166
199 545
396 402
517 695
561 440
604 767
386 280
282 556
223 428
59 304
129 227
442 615
879 884
2 861
341 190
896 32
16 639
391 78
657 127
820 93
292 389
562 163
478 200
675 386
789 279
622 185
506 173
671 283
471 816
179 263
507 222
209 706
288 337
850 4
458 347
619 671
855 548
37 870
796 344
43 172
574 706
831 59
440 305
101 529
38 343
820 438
759 783
58 283
817 455
304 142
572 452
591 248
752 408
358 62
473 638
293 35
581 587
552 787
428 347
731 204
306 780
308 506
768 534
318 194
620 599
211 52
663 883
899 201
804 491
617 803
462 303
613 429
851 196
182 264
709 549
667 892
96 177
47 409
323 61
569 608
884 198
405 696
559 235
282 257
412 223
599 188
634 645
495 390
144 4
527 712
388 13
89 455
300 410
566 33
656 141
462 216
109 625
465 488
36 142
412 385
427 170
627 829
42 113
160 272
359 175
472 561
873 734
577 890
493 252
173 248
757 422
813 525
129 411
855 615
109 757
616 823
854 483
594 132
770 897
580 147
727 592
173 648
652 169
277 338
845 833
639 341
761 2
504 22
588 304
622 664
855 785
144 829
128 838
299 644
686 632
186 414
27 387
124 389
411 268
562 244
890 565
127 259
77 488
673 718
278 108
778 817
680 427
628 556
768 75
673 896
257 229
873 89
134 446
134 442
56 798
34 103
762 733
721 327
77 884
499 688
224 307
393 186
791 810
740 694
367 75
380 565
883 249
562 487
50 613
718 40
822 888
319 660
662 572
224 29
250 10
478 359
490 440
552 795
269 252
178 176
514 351
349 361
566 57
738 409
29 92
682 22
789 694
528 345
241 430
740 487
591 494
688 437
454 709
222 100
449 475
247 807
9 394
199 362
469 391
824 508
330 104
157 381
324 413
353 260
759 410
583 114
169 314
398 270
135 791
271 449
393 322
119 821
36 839
460 380
30 533
273 484
343 591
250 547
754 652
544 113
286 769
544 723
151 529
2 74
320 577
56 780
101 391
695 827
528 148
486 846
576 495
