500
420 97
302 342
103 488
189 120
468 207
399 351
54 403
272 157
468 217
117 400
442 245
345 280
292 178
236 234
210 68
147 45
177 120
99 292
371 344
252 147
491 167
431 234
26 161
491 461
52 333
182 355
14 353
434 176
437 306
404 54
193 245
64 321
216 349
21 403
12 8
243 61
178 277
121 375
429 275
294 58
445 350
411 278
92 489
433 157
409 403
445 211
155 23
208 363
163 331
110 3
71 143
387 417
125 287
284 112
260 266
156 404
447 280
371 129
142 376
356 144
50 493
366 77
25 274
333 389
319 392
347 409
235 78
305 401
310 497
292 441
72 108
90 440
133 23
114 457
410 129
178 378
332 444
132 291
328 396
42 58
393 202
150 190
191 488
238 227
455 272
278 473
191 233
287 17
363 476
399 344
68 266
237 467
349 401
319 113
357 447
58 246
68 42
370 276
169 499
84 193
356 54
474 66
144 342
82 152
261 116
247 34
26 334
72 399
221 50
486 225
397 69
498 471
455 475
109 103
254 170
345 261
269 189
142 423
216 141
236 279
469 412
241 277
42 169
187 493
301 95
12 223
101 94
58 279
173 121
129 228
394 471
107 449
108 63
257 213
97 299
171 3
436 193
21 334
238 404
239 376
274 9
270 291
30 123
296 78
366 419
254 409
291 168
68 35
343 226
138 433
472 308
292 197
334 211
437 374
103 45
81 264
279 307
178 216
103 183
190 299
198 132
482 136
235 482
239 7
449 313
140 16
21 378
45 61
391 16
23 178
500 383
322 83
444 117
48 216
369 117
273 110
240 494
182 287
253 377
166 163
438 461
329 13
455 207
444 432
219 413
224 443
462 198
14 203
345 245
140 353
495 422
295 61
440 490
350 71
404 130
277 201
326 495
451 337
444 121
450 107
227 133
327 201
446 470
156 123
290 363
235 485
378 43
323 222
346 238
418 329
16 80
305 180
398 368
253 312
202 120
337 408
429 274
235 91
316 219
213 216
324 234
466 119
53 19
66 135
384 467
43 411
306 455
52 321
496 387
66 273
176 326
64 135
450 178
312 188
55 121
192 192
247 328
230 263
149 191
291 174
381 418
56 413
493 77
260 323
51 476
395 3
343 214
415 16
329 349
306 90
428 380
499 474
122 361
166 420
214 92
94 28
191 207
377 472
476 113
121 345
160 482
117 6
210 483
240 351
74 86
197 345
298 4
232 204
202 258
481 475
22 316
385 423
360 484
336 19
405 60
363 92
400 279
258 364
169 14
452 428
244 259
36 140
393 40
394 309
418 30
419 78
29 35
254 2
483 283
164 443
108 442
343 399
208 320
194 223
51 294
88 208
465 430
106 355
283 485
403 267
482 394
46 394
85 409
70 205
276 165
51 359
308 224
124 17
122 25
32 418
291 495
264 114
228 73
173 395
131 53
152 169
203 348
351 92
0 20
394 255
217 372
368 71
84 44
216 253
180 292
220 240
332 92
394 178
120 144
254 419
59 357
258 132
80 40
129 88
2 491
53 264
95 162
39 179
358 435
77 480
31 319
285 129
8 485
147 435
125 30
267 383
181 78
314 377
104 481
425 222
48 254
368 76
147 246
44 138
256 136
274 193
156 380
169 421
456 312
164 264
20 334
476 453
25 452
304 230
84 93
85 48
373 385
224 18
302 214
67 469
72 367
446 1
333 154
316 431
151 240
152 465
364 436
350 344
442 301
288 328
261 107
403 483
96 71
378 412
363 397
373 235
181 101
258 410
370 17
413 219
9 56
212 193
319 404
7 182
486 39
352 430
363 445
317 10
48 415
155 407
26 456
201 391
89 5
173 9
172 70
377 114
89 89
426 256
33 35
201 497
15 261
248 132
422 404
339 338
47 54
172 333
295 116
266 83
40 163
493 355
418 26
92 19
452 442
99 83
12 420
289 392
85 46
346 276
436 190
156 303
332 350
118 413
333 222
65 208
37 308
401 294
246 219
268 182
74 396
238 23
201 158
187 301
241 309
438 159
255 191
265 496
68 108
98 108
461 31
475 169
104 315
58 97
426 110
83 83
41 35
45 345
331 360
484 202
496 388
66 315
349 12
318 209
217 169
314 323
464 304
398 176
484 184
30 225
471 369
205 34
385 266
392 457
264 372
226 166
313 129
203 448
433 365
67 293
454 473
276 289
28 250
395 431
352 322
199 90
413 119
337 233
38 271
364 167
464 136
382 207
21 320
141 171
214 305
77 436
326 191
124 316
393 355
267 349
99 384
60 83
