200
171 123
63 88
31 63
193 147
105 49
144 160
76 179
140 43
198 135
149 74
72 7
41 14
13 141
133 185
32 173
71 155
86 17
199 97
85 181
64 22
155 126
42 132
87 69
169 58
138 188
14 61
68 117
54 127
53 145
13 42
165 83
35 119
60 21
47 33
20 91
23 166
20 156
44 179
124 56
53 73
67 92
132 153
29 176
54 99
123 184
79 66
200 141
183 93
195 89
128 70
133 40
186 68
153 10
107 12
84 190
26 72
100 183
155 102
162 38
23 169
144 0
189 86
18 200
75 69
114 73
70 48
106 34
92 179
25 12
177 199
74 56
49 111
89 93
95 52
70 178
42 12
96 120
45 31
74 113
52 181
170 47
10 28
181 44
102 8
90 157
184 87
96 16
77 188
70 117
157 154
178 56
20 49
127 75
184 18
24 90
122 167
68 157
21 82
130 21
112 134
63 115
108 194
159 146
89 81
149 186
24 154
97 55
89 74
193 98
141 138
123 124
11 132
196 132
62 97
96 173
117 64
0 174
188 50
115 195
0 119
39 146
0 145
15 87
57 28
125 71
199 5
89 108
127 151
39 110
183 131
177 9
91 178
51 53
198 35
110 104
160 51
54 99
158 179
165 101
81 75
195 75
183 128
101 11
0 36
71 8
58 97
147 145
116 82
136 53
152 44
74 79
106 70
92 95
112 184
103 125
194 180
123 103
113 192
118 5
140 144
74 4
166 41
116 76
25 176
136 175
110 154
126 122
200 80
160 13
50 12
71 23
105 112
146 2
157 28
33 52
28 66
7 18
66 5
54 91
196 135
156 22
69 61
143 193
38 135
26 194
48 145
10 122
107 161
142 102
116 28
7 44
189 185
105 51
14 18
144 47
164 122
36 18
54 48
13 193
18 126
