4000
2644 2346
387 2654
1229 1085
92 638
2936 768
2862 354
2197 2329
357 2536
646 2279
928 2006
3000 2366
1827 3568
2851 3240
2746 584
2673 1188
1574 3108
3298 1713
2883 2560
2977 1705
3314 1401
2786 2460
2016 3638
1784 3793
905 2186
2233 3203
2837 1083
777 1237
3148 2
1915 1998
2028 2354
2969 1527
1516 811
2178 2979
3931 3893
2973 1121
1927 172
1650 2898
2485 3932
2141 1547
2676 2635
1152 1761
1411 3835
3174 3276
1134 1747
3085 2595
3069 3919
1987 1653
2121 809
2205 1238
2441 2106
3493 2137
91 3751
505 3956
2951 1557
3911 3663
1566 337
3010 1567
437 1809
2393 1409
537 1811
3975 782
1556 178
2874 3085
1910 156
3184 3908
1423 2164
3459 601
3845 1250
3142 2544
3108 2310
1980 2529
2496 507
2995 533
3644 3756
2079 3844
2282 2096
577 1720
403 2471
1914 2116
2113 2426
2551 3840
270 1127
418 2996
3655 1365
3186 1602
3584 3016
2543 3134
751 2428
255 2405
1319 2580
1575 1680
3526 1536
3336 3074
2343 2948
3669 2742
1261 1606
2245 1596
2110 37
514 331
2497 1885
1765 2513
3303 2472
2325 3327
2885 1818
3936 2241
578 1676
1834 2353
3059 1257
2180 824
2780 2867
2236 3323
3292 3510
997 1602
3936 554
2667 1873
1766 2828
3158 839
3867 3025
2408 85
1290 876
11 3767
1535 3744
756 805
3333 943
401 484
3903 3604
51 3588
492 1217
3283 1278
1273 3396
1981 3531
2612 630
176 737
2197 1920
993 3
1166 2565
719 248
2735 753
1502 2299
2401 1052
929 3404
1539 174
520 3189
1812 1608
1232 3430
2816 1873
1926 2094
3804 1513
572 2267
563 102
2591 2995
3650 1798
3550 874
3695 2762
3154 2749
1131 1303
3486 614
1177 3958
2658 3808
3693 1896
643 543
3097 3291
3959 2125
783 675
2589 1269
1667 2869
199 3818
968 1261
539 1791
222 3869
2797 3047
1285 1682
3698 2938
309 1984
521 2833
3177 2046
790 728
3802 541
2048 590
1192 2175
1129 1407
3530 1386
2053 3361
2541 2670
1401 2343
2576 2691
1232 1574
3403 2111
719 1313
276 2273
546 2827
2223 3249
713 311
543 2903
2113 1425
1227 1977
2036 2390
2755 791
1198 3330
3105 2604
2522 1918
910 472
1520 249
507 3961
1679 3640
2780 2952
3984 2106
2550 868
3098 2794
2918 1156
1385 3760
602 3369
1217 1580
1068 2626
2091 3618
311 1817
3617 3832
501 1020
1110 2091
2641 243
2288 1458
1546 3506
668 2798
2631 3606
825 2531
2295 3442
270 2352
523 940
2182 842
1745 2887
2536 2793
1932 3947
3084 124
862 2598
1929 602
2406 3255
3261 3990
2043 2343
1357 2612
1413 1835
1706 2347
1566 1378
1358 3696
3024 173
2195 3136
2355 2519
247 3517
94 3388
1323 961
3578 3239
3245 1665
2444 3723
1958 3452
3354 3572
1260 329
1370 483
1303 1318
2889 2175
1561 1959
1168 2600
1641 3055
1553 3681
1221 798
1772 3390
200 3608
2989 2813
3043 3914
922 3464
2877 2941
1675 2753
2861 2069
3682 3757
166 1992
1394 510
3897 404
122 859
3256 1242
270 3843
3390 657
53 2248
485 1888
1151 618
2177 429
2645 3404
1060 1073
1188 2226
3016 690
2604 1943
3070 108
1522 704
3853 3970
3639 2114
2898 705
445 393
3403 181
3473 637
2179 624
1835 2322
3797 151
1636 1239
213 1336
809 2055
1947 786
3229 849
2288 2285
2046 2236
2949 2811
3249 1304
3719 2848
182 2596
2615 2622
1695 2242
2683 2445
3038 315
251 2618
1185 1201
3706 3305
3014 3242
745 3915
1709 318
808 1649
1612 931
1358 2675
192 1770
2570 490
1437 2148
1705 1947
3346 1180
2054 379
3577 895
101 3261
601 1717
2158 2680
1167 1233
3372 628
3368 3740
3647 210
1245 1233
946 9
1553 1497
113 750
940 1454
1353 139
3788 1397
3484 3871
3632 1925
3156 1630
40 899
1857 2404
553 1086
1985 3687
3972 2756
2900 893
1053 1819
1219 1784
310 2586
3968 2262
2275 3957
3509 2362
353 341
686 2194
3063 1520
3111 948
3219 1001
2080 3583
907 3610
3986 1203
314 802
3461 3394
1904 2087
1043 512
2502 2863
3256 3755
807 144
3439 1472
1137 347
3464 2387
1880 3349
506 2571
941 1090
3675 3216
1912 121
3160 3579
2737 2168
2089 1441
73 2150
1908 3856
486 517
2978 2157
2106 1003
833 2207
2613 269
3698 474
2014 1234
3932 1576
1477 2688
1969 1146
520 3845
3395 2844
3075 3530
534 3891
791 3919
3462 2588
3119 1908
2503 2091
3542 2303
3883 3483
3301 3292
1995 3201
999 1764
2095 670
353 3078
1608 2355
2271 496
2426 2042
1934 2230
1073 927
766 1229
433 1305
1998 1101
368 751
1506 2282
150 3347
1568 3085
2195 2955
2331 1849
2619 3900
510 1720
3557 1670
1613 1725
3631 434
3070 1968
2050 498
261 1091
797 415
3289 1247
1897 2610
2879 1008
2326 3366
2088 3046
3392 159
3294 126
1341 1991
1287 2782
215 2974
3691 938
2211 780
387 199
3642 357
2900 2366
2536 1087
64 2641
84 1776
1044 1264
3934 2914
1068 3485
434 2382
2467 3774
838 3453
1096 2171
1045 2543
4000 3824
2437 766
148 2602
2523 2734
2739 19
2346 597
2742 2235
968 3984
1992 493
514 3622
1271 2568
1282 3546
3847 1702
2891 1405
2790 2544
686 1305
527 1208
3323 3208
2559 2162
3046 149
2889 1986
3319 1771
19 3497
647 1582
2042 3681
1564 1032
1071 751
856 2337
1411 3790
3836 1104
2257 2360
2324 2216
2443 289
3651 2637
1044 986
3951 1937
2646 1943
2591 1063
1031 634
2242 1371
1835 2580
3284 2156
3006 1930
1868 801
2537 262
907 828
1881 410
3020 3930
874 3821
3478 2424
2151 1550
2068 2347
797 1088
709 3385
2990 850
3878 3136
2209 2472
2462 3131
1481 816
3458 2794
1787 2405
2790 1016
388 1605
2794 1050
1270 975
3672 2071
818 2892
1922 44
2417 3374
3919 3929
273 1316
674 1348
854 3899
241 697
2444 3570
2921 612
2622 143
487 105
1965 3094
3371 2040
1629 1232
2640 3744
2579 3821
3492 360
1762 3302
376 2969
3087 3572
3427 1385
767 1541
10 1098
3218 3830
2260 545
3236 1167
1188 983
1098 1209
3077 2997
3964 3146
739 2801
2453 288
2992 272
2853 1234
2678 276
3442 2707
436 1168
979 91
3258 842
646 211
3232 2088
2650 326
1662 1191
1480 2560
607 51
3786 2450
2619 1644
2310 1095
2829 1759
2270 1978
1333 2688
3667 238
2339 3210
683 1028
503 390
453 398
1069 3470
1342 279
312 3316
2058 3023
1308 188
3250 79
1926 2253
1121 3603
1718 423
1535 2596
726 2966
3865 1581
988 3919
3345 2030
929 1092
3012 2624
1145 580
699 1491
3485 14
1630 3456
3817 3737
1785 1010
1763 2798
3575 2447
1739 2668
3064 725
3281 4
3532 2091
2201 2789
1838 2545
234 1780
8 2553
3802 2790
716 3442
3510 1580
3268 2453
3045 2000
2726 1037
3408 2642
1546 3494
3580 51
1184 3970
3719 3912
2975 2896
568 3458
1851 467
3150 2087
3307 3453
829 3987
1446 1990
1184 682
2713 3669
2358 3607
3095 1745
1261 740
1448 3661
3851 3205
3416 1079
958 909
3670 312
963 2074
3415 3451
2834 2751
3326 2739
972 1052
3313 392
2389 851
1521 1806
3022 846
1114 1676
3224 3612
1829 1108
2579 1445
2013 3689
2940 3703
1040 3777
46 3287
984 489
272 2604
3298 3851
1413 1160
3613 1489
1092 107
1596 1939
1782 19
3254 3471
1626 1787
406 3179
3767 1892
279 36
3564 2400
1064 3524
2918 2698
857 2446
1318 1060
730 640
2371 3556
2686 2587
391 2264
3881 2275
1964 2343
1531 2810
3472 3513
349 1477
2463 2298
2311 3468
2345 660
1677 2479
1680 3031
220 3717
2364 3856
1843 3244
21 3393
1925 1991
685 3922
1297 3646
1236 3754
1721 1667
1936 189
2580 3846
489 207
2447 1590
1476 1978
2526 664
3122 1059
3245 174
2945 618
2746 3521
762 2792
1501 2333
1286 1664
3922 1214
27 3828
1776 3400
3787 1378
227 1726
1553 1660
3440 1497
1214 3734
19 1411
2222 2349
1750 2594
2779 3434
3849 2464
897 847
3551 583
1517 3092
2225 3457
3092 1604
3028 2940
629 2555
159 3200
1370 1790
1132 2527
666 691
1653 418
3587 867
2643 2132
1582 1250
3068 3332
1947 3381
2666 1780
313 346
577 683
769 3074
3607 2813
1818 572
2210 998
1636 1303
2552 2385
1906 1013
1662 847
3933 3116
1722 1689
719 2574
1501 3390
3667 3347
1528 2905
485 678
2810 3405
3279 1760
966 1111
2950 1287
1052 685
1763 3436
738 2144
1413 656
1482 1662
3775 2150
771 2351
1089 20
588 2437
1790 780
2957 2866
2275 1410
3536 1400
3705 902
2343 3001
775 415
2173 3075
2693 3164
446 3254
3289 3355
3392 3604
2668 2438
3505 1533
1920 1521
1711 2047
1409 1568
4000 1934
1583 1738
84 630
841 2064
3859 1495
1628 3147
157 2041
651 1611
713 2866
967 816
2626 770
699 1874
2029 3591
160 1077
94 3499
914 3486
426 25
3410 3111
24 1147
651 354
662 1093
2706 3195
3613 1734
1902 2847
3710 3772
3616 1304
1498 3834
2196 3952
2813 2150
1693 2511
859 2517
1963 665
2560 1045
2957 2200
2385 1493
1876 2995
3862 2050
1593 1947
3347 679
2823 1185
3084 1395
2950 1780
771 3925
2102 985
2641 2347
2696 74
3268 646
1992 1294
2539 3606
79 131
2650 3431
1886 2294
1935 1132
2249 1267
401 826
2778 1751
393 3988
703 3584
828 3443
2557 1969
2517 620
1336 2155
1960 827
2315 3364
3497 2371
3353 3805
2800 953
3720 1328
16 1544
738 3497
60 2601
2010 3564
1674 3462
313 711
1244 436
1901 2847
683 439
2753 1515
3163 1923
2168 705
1609 855
2254 32
1048 2870
1913 882
3255 159
448 602
2558 1670
3321 3576
1889 2162
184 3991
3676 3961
2546 3509
2012 1998
2909 3077
1286 1269
1294 2541
1193 1251
1673 8
780 259
3091 856
33 83
2878 1595
2316 2561
1736 1765
2111 2750
3378 2162
2746 2915
179 563
2990 896
3383 1397
1779 3696
2200 2986
2732 3209
2279 56
971 2053
330 590
3546 1427
2510 3786
428 1762
1164 2400
813 3107
1601 1350
3291 2399
1202 1572
1731 1881
1340 2114
1979 779
267 3335
1631 668
1389 2296
3389 222
3915 583
1148 3696
2405 1375
3447 1700
862 513
1607 3749
1261 1712
1363 2481
2600 989
2547 2852
2069 809
3831 2838
2964 375
125 620
2884 3210
1909 1185
1274 678
1069 2327
1432 2717
456 1861
2392 2771
3262 2377
2105 1147
256 1912
3619 3224
3548 2291
607 3505
3000 3845
3097 1420
2166 1696
2514 2873
2911 3547
68 1123
559 1058
2933 1983
3067 1695
328 2594
161 1000
566 802
204 3528
1646 2205
1056 1772
2330 3739
3663 1886
2907 1620
418 3833
1149 3288
3152 3677
245 1281
996 2976
3788 676
1024 1248
3987 3721
2287 2711
2420 3293
1924 541
2068 926
2834 1905
3208 1427
3993 428
1168 3397
650 1721
886 719
3317 146
2773 2449
62 2320
296 1276
2486 743
2689 3623
2279 443
3212 598
2284 3963
2983 752
1671 473
2358 3406
349 3820
2038 1191
1296 236
147 1265
881 639
3235 787
3050 1867
696 2387
2842 0
2456 3282
2433 2691
290 2489
776 3547
3058 2084
449 946
1397 732
249 470
1771 1245
3190 2787
135 3335
970 576
445 3033
3528 697
1509 3004
640 2821
2532 2242
3446 565
2656 1911
2865 2517
238 2749
1995 2540
840 1921
3715 246
256 2400
3713 1579
3316 1686
1522 2220
3224 3206
2497 757
1119 1605
1123 3797
483 2237
1975 3054
3691 706
1596 599
695 1539
87 3374
2103 696
1720 1401
1786 3241
603 1010
2888 3608
2990 2770
1270 136
317 1383
3497 2193
2045 1157
116 700
499 2992
2702 1369
477 2077
3220 735
1327 3201
633 1075
1454 2992
2287 3774
1227 257
1656 1519
3970 10
3163 2174
886 2069
231 1157
2924 3719
2527 2623
2375 871
624 2470
3895 2932
591 2157
96 1928
1045 3790
1664 908
3930 991
3502 2908
267 2561
2423 1555
2975 2034
1688 318
906 2953
2220 88
816 1560
2717 3740
840 2385
1517 3112
3596 3473
1096 885
1390 464
3736 213
3199 3582
2956 743
3019 2726
3425 3798
425 1764
3092 561
489 2733
1184 2160
3281 1722
3401 3457
1230 1076
3594 3201
3590 3164
1079 394
2752 2003
2218 3920
2639 1305
3912 1798
555 3190
1619 1258
1610 125
1418 3193
1570 1714
1826 3665
765 1872
2482 1093
831 18
378 304
480 1612
2731 2973
2547 311
2255 919
3835 627
788 382
3683 3707
734 1491
1656 149
2710 1988
1787 3085
3375 1683
492 1431
2210 2971
1822 2715
1945 3861
1429 794
3528 1104
591 3838
1540 2026
1592 1439
2291 2100
373 907
3774 3550
1504 1617
3089 2216
2346 1912
627 3917
923 1074
2012 3041
1962 1940
2244 3350
2235 3708
339 2964
271 2358
389 3800
213 1939
373 1569
1540 2764
1718 895
1096 3958
2566 2525
679 692
3602 1485
13 2119
607 1944
2249 3374
2999 2095
2423 2304
3891 3381
1416 2621
315 242
3452 567
2967 3057
1887 1567
3784 8
1936 672
761 3519
2827 2626
1234 787
1454 697
2868 1046
3356 2469
2613 1110
3435 629
3865 2715
3075 426
2142 229
3652 1247
2964 2964
954 3165
3336 508
3303 663
1124 3856
2711 1511
1069 3317
904 3864
963 2009
1825 2088
3607 1010
3867 1223
2963 1765
2193 186
3916 250
3266 467
3335 898
2650 2407
1322 190
686 2649
2404 2234
1720 912
230 3663
246 1497
3346 3393
2472 154
3183 3060
8 926
2039 3376
3475 3838
3296 1726
2039 3270
3338 1596
3991 89
3978 1775
1426 3869
979 3540
3730 1507
2095 363
1131 1810
68 2218
1346 3287
1094 3562
960 3448
878 2551
1292 761
3793 1150
3965 2812
3445 1803
1724 2503
2675 3893
2830 63
1316 2293
1466 2869
3617 3348
3413 2295
3796 766
1379 1299
1519 1456
1970 3436
866 2227
1388 3686
1455 332
1217 1300
2580 915
711 1060
1405 238
892 2564
1451 2823
575 3109
3882 51
3613 2356
1870 1652
1375 1005
2535 1118
2548 622
1146 3371
1889 326
3273 3348
3521 2604
2059 1376
2546 466
2345 1550
2825 3504
3007 722
90 932
3574 24
1201 1077
1244 2161
1983 3802
3668 1237
3919 2859
908 3752
2070 339
2653 1673
906 3047
2046 2617
2072 3646
558 857
3209 1284
613 2079
1300 1787
3191 1057
3445 3326
3067 1525
960 2584
1023 3006
1945 670
3991 59
1548 2300
3451 3076
900 1154
3108 3428
390 168
1843 2785
2428 3073
1852 187
2010 403
48 3708
802 3135
2465 2253
2136 2462
3058 1871
2755 248
52 1597
3606 3680
3232 3208
2727 1543
3772 2792
2210 55
2281 2715
2925 787
2926 3186
1504 3216
1127 2375
577 1578
3713 3672
1025 1072
2833 1093
3098 820
3214 1550
28 2661
3965 859
916 1039
1697 2311
1312 1761
2807 2328
2546 884
1961 2453
315 3817
531 1981
534 278
1484 3022
2480 3091
3007 3427
3162 3874
1987 1857
1550 3002
1255 1815
2244 2871
623 1467
1667 586
527 377
1488 3240
1620 3123
3403 1674
521 3664
3469 3315
2536 1381
679 732
2471 3993
3829 3500
3944 2564
3548 1077
1645 2868
1859 340
1179 2104
3569 395
552 1661
1751 2206
3074 100
918 1380
875 1131
2792 261
1372 1037
902 718
1056 1518
2139 465
1383 214
3906 3891
361 834
2341 3459
1250 1857
558 2371
3971 2497
2431 3400
3206 3361
350 554
1872 716
2998 3308
1198 3083
2577 3999
3240 1114
2320 1813
1563 2353
2120 169
3389 190
495 3374
741 168
3890 1720
1316 558
1295 1567
2359 1078
2448 446
3900 1433
1807 3396
1123 1867
1300 3777
3713 1628
1199 2474
348 994
2526 1629
2689 1666
1645 1003
3917 669
1708 2883
1840 1445
3681 2676
3454 915
563 93
3528 612
3596 984
1298 61
943 2959
863 3868
667 3811
367 3405
3357 369
3103 3283
3256 2397
3294 1899
1599 3817
989 844
3390 1189
826 3259
2963 2553
3617 1710
2309 191
2846 3251
1205 1863
1409 2964
517 2259
345 2481
1484 630
3111 2235
801 2430
833 863
1176 76
3978 3902
3190 833
2450 2594
1929 2248
3650 1276
3825 2557
198 1916
788 743
37 1289
47 79
417 2530
890 213
3210 235
2104 3159
882 22
3835 3220
957 2688
1670 3818
1661 2455
3877 1631
1470 3367
2378 1226
2300 2268
3244 2953
3316 3137
1287 13
1888 2389
3851 2475
1886 2129
2642 3153
2732 3700
1372 2549
862 3979
846 2483
2025 1392
1870 3131
799 2150
2389 2049
2424 3552
445 526
704 333
648 2325
407 2774
2354 2142
3639 2988
3564 32
1837 2893
1771 3429
1442 2088
1095 1251
2288 3060
811 3639
2910 3533
1216 1207
2759 2252
3526 2758
2446 2551
2196 2355
879 943
1131 333
500 756
1191 695
2062 845
2468 1481
3076 1238
3885 3679
2411 2890
1208 34
1451 1944
2251 227
3134 3188
3169 1389
2069 1657
3959 3865
1911 1555
1152 2262
203 1930
171 1623
696 2902
2431 574
1256 3874
3955 950
2381 3725
813 3590
1440 2514
722 2530
404 1210
2161 1790
2247 2357
3349 2192
968 1041
2440 1883
1528 91
3195 861
2017 129
28 601
1861 1989
411 362
1685 3976
1039 2278
469 3016
1627 757
506 3130
353 3968
593 3178
391 819
3871 1343
2673 508
2291 815
3461 610
1806 877
2812 2986
2805 3009
3360 2605
2305 3759
669 1477
1835 3310
2481 830
945 1665
2939 3626
472 1860
954 706
1033 96
2157 3717
2685 1661
2213 2175
3989 960
2947 2905
661 548
1148 753
2333 88
2546 1659
2156 3431
3483 3075
2563 2105
2368 3098
3209 1535
1120 3553
2684 1259
977 2936
2335 929
2873 295
1347 3407
2769 1985
548 2327
692 2424
1887 2082
303 131
1789 1360
3972 3208
3892 2385
490 3298
1724 1401
2638 3691
566 1615
3505 627
180 2657
2449 1771
725 3079
2559 1573
2779 3867
3767 623
1931 3662
1498 3573
3502 3719
667 3312
79 3745
519 137
1068 1397
2863 3185
1362 3045
348 1104
1979 3919
3282 51
589 748
1481 1183
662 2071
48 1171
1687 2054
2132 1291
2948 1042
725 3660
2819 2348
1974 1929
1748 3330
2845 1584
3806 1260
1599 1469
26 3587
816 2664
1582 3182
172 2437
35 1511
399 3317
1041 139
2630 2089
866 1986
1603 3640
1272 1503
778 2131
1161 595
127 377
429 3138
3766 406
2944 2678
2664 2911
185 1472
2570 3876
1620 443
1489 1145
127 3502
454 763
627 2314
3801 289
3791 568
3731 3465
2794 1094
1539 3258
3201 3156
708 3583
3430 1306
3345 2364
2706 2608
661 101
3442 1938
130 273
2383 683
1297 2398
3884 411
1697 3760
2148 705
2212 3650
1710 2056
345 286
279 3984
2702 2565
2630 3989
2121 517
3582 2118
1652 3265
1044 3563
604 1561
3967 2817
3973 1956
23 3915
2320 139
358 3279
1498 982
1115 96
2748 3847
2943 1188
1274 1067
2259 3730
3783 3306
1935 21
679 1731
1900 3184
3193 2677
3239 1835
3436 1329
3481 903
3860 2949
476 3658
3030 1930
340 2825
1336 3921
1117 2991
65 1273
3569 518
1679 3338
3729 2677
269 307
159 887
3673 3897
200 590
3932 2772
2090 1763
2586 1266
2204 1142
1708 2390
2917 928
1771 1887
2957 140
3522 3697
3796 1008
1854 3877
1704 2756
3615 753
1929 2342
3701 1782
2429 2482
3676 1426
1417 2243
1039 1353
1332 3472
1737 226
2578 3687
3532 2192
3423 2746
2898 2148
766 65
2454 1758
2812 3529
6 2666
3950 2767
1321 2388
1501 37
1975 195
42 17
3868 1582
963 1006
3826 496
2393 2565
2603 980
2054 420
2438 1105
3911 2398
1920 588
3582 3890
3022 808
1516 3480
557 3819
366 1091
148 409
2273 3386
3342 2996
1698 1386
1835 2252
934 3109
499 1694
3164 3145
179 1959
154 3848
3152 819
2439 1529
2888 3555
3282 2292
2979 3682
2141 2833
1339 1876
2329 124
2369 1438
2920 1095
104 3767
2394 1482
2116 1624
3827 753
3399 993
1428 602
3963 327
3247 3154
3542 1623
2195 3726
2503 2272
3694 845
3189 773
1358 1431
1731 1021
3541 2861
199 2204
2292 1303
347 2732
3685 446
2676 2253
1171 638
1617 3692
2336 993
3469 3697
2824 3631
2910 191
1931 2465
2743 3463
3035 3445
2595 855
1753 2202
3666 1580
3724 2635
2905 677
2953 1827
1337 2350
2116 431
1379 3359
3008 357
2814 2628
1050 57
1720 1458
3971 2853
1164 3743
1980 1422
908 3664
2101 880
1686 1262
947 1239
3730 128
3733 1596
2879 3860
2306 1630
2537 2161
1251 1264
2170 2527
1940 2317
3378 140
2308 3136
3354 1186
1367 3962
868 2863
400 2000
780 1536
422 3294
3219 3111
1770 3411
3450 2772
645 706
87 592
3266 1995
894 2346
1994 2694
1752 1892
2860 123
1915 1170
2434 2501
2118 2405
2135 878
3243 2373
2786 3888
2221 2562
3935 3813
500 3671
2670 2363
1935 239
995 3458
1997 1707
2035 834
3151 3448
1213 1112
417 1052
3622 784
1775 495
1194 3165
3974 3842
2821 2879
1174 1351
3038 1417
3693 602
655 1824
898 44
2715 3789
945 261
2188 3582
3323 803
2066 2741
3142 419
3332 3729
1380 1392
2615 269
1763 3593
1109 3791
792 1793
2460 3977
732 3513
2932 3362
3116 749
1904 3649
703 451
2402 1941
3179 3404
404 969
1340 809
2539 922
2705 1898
2119 3985
297 538
2007 572
2392 3918
99 1485
2678 3650
424 2388
1681 586
2444 2673
254 3002
394 1152
86 1018
2761 2420
2863 407
3782 3265
2523 994
306 3162
2234 3940
1285 240
2195 460
500 21
1869 793
519 177
1916 3014
2771 649
2945 3693
138 1700
1698 3304
3152 3900
3181 633
1464 2583
3238 2723
1551 1038
2561 287
3882 27
2020 773
867 3570
989 277
3652 1318
2756 3367
1499 734
3440 2239
11 1859
3660 705
2491 1372
3007 3507
3692 3725
2349 602
2376 3058
3612 3599
398 3209
3199 3238
1976 3243
1366 3083
1705 1367
1545 2644
2933 1629
2993 2011
2077 843
2740 3051
818 1140
3056 2942
3737 2508
2060 2553
3220 2474
3348 574
3088 3089
3448 2179
3448 143
2431 520
1592 2990
1564 466
1256 1042
1958 1777
1475 1245
933 1408
3277 1162
2823 3115
791 551
2474 524
1708 1804
1935 457
3286 424
1888 3321
1566 1511
3317 1517
2225 3001
3684 2566
3752 71
1516 2622
3241 3507
749 3505
1527 2850
1776 412
376 3767
2198 1040
2698 1910
3959 1711
524 507
249 858
743 3481
119 2828
3394 348
481 409
3247 2994
1963 2630
2442 3293
3804 1942
154 2815
193 3419
2298 716
3331 2146
805 442
855 1189
2956 3477
2474 415
629 1315
533 365
33 3093
3183 1464
91 3140
393 1597
3206 1673
1777 2709
3579 2397
2413 3766
668 3709
2745 2930
436 2293
2259 331
3079 3386
330 1008
1541 1375
1078 1747
1099 3736
3766 3072
2364 604
1871 3440
745 1094
1143 406
1878 2138
3717 3513
2665 2634
3283 3831
3983 3343
3974 2081
910 2133
3396 1999
2186 1191
2530 1820
2207 278
2363 3802
2239 3500
1986 2106
1962 2929
3699 2521
1100 3265
965 1103
1093 1258
2080 730
1896 1519
1580 305
483 66
1810 1641
2118 3458
2221 2895
468 3614
2670 632
2914 1762
3628 2772
2760 6
937 1651
3908 1460
3220 296
2224 715
21 1893
787 2761
2070 2178
749 3475
2599 513
2201 1583
2636 2269
1160 2728
3788 261
2045 1902
2663 3009
2431 1848
3182 3363
1810 2961
1381 1759
3582 49
3895 1252
3677 3370
2894 172
765 2636
3907 2458
381 1910
3874 1959
828 2173
1754 1852
3521 953
3568 3154
1646 1204
164 1601
2959 581
348 3271
251 3667
2494 1781
2314 2262
2039 2664
1673 794
2265 3889
3412 2768
1427 2708
829 2227
240 2839
2681 1729
45 2956
3493 27
3711 1939
1475 3505
3131 3052
136 1118
3549 318
1323 2809
1001 1114
2528 279
325 3962
157 40
2861 1273
1705 2957
3863 2790
1276 99
2224 89
3930 1675
1746 3839
1250 906
2804 3735
2366 2598
1358 1980
1941 605
1423 27
1425 560
3428 3793
1002 3846
3305 1150
3326 1217
768 1910
1496 1843
3912 198
1906 1612
656 67
109 758
3098 2126
3103 738
3439 2133
3334 3363
398 2662
457 350
2396 1359
3217 3885
3160 2042
1004 1283
2483 2190
2011 2065
2364 3281
836 1757
438 1834
210 2794
3699 1807
1337 3960
774 2238
2267 1782
3479 1120
3923 3335
601 3112
804 2836
2743 2385
3298 2128
3277 776
2046 3669
632 1036
1597 1161
1657 624
2615 456
166 2554
74 3815
3445 2337
2173 2309
1515 1130
956 3277
3558 2419
3700 1693
1264 1040
1967 3923
1363 3840
1070 619
1159 2780
2055 1464
73 3638
1029 3654
2259 2089
3092 3264
866 626
2838 2760
1697 1581
3660 239
2764 3150
1363 3634
2968 3707
3116 411
116 1147
707 3748
1528 712
3697 1145
1721 3137
1227 1570
1235 663
3214 564
2448 1951
2741 2463
1853 1032
1579 2258
2219 516
806 1133
892 2147
2191 1606
2496 1
467 823
3779 2885
3022 21
547 3641
793 1203
1042 3487
2522 228
3097 2867
463 3828
3659 1899
126 3498
347 1527
3376 3777
224 315
1017 801
3432 3708
3713 4
3548 2819
569 1443
558 3171
3418 3403
3279 3363
3029 3183
1962 2618
3619 343
118 2213
1714 1395
189 505
614 689
3586 3527
1697 3597
372 3508
354 535
3932 3357
3 3031
187 2255
1558 3779
3275 1463
1890 3185
1177 2521
2160 365
1224 3630
3171 3114
1708 415
1988 1496
188 467
1642 3492
3672 2905
1299 3971
2240 369
3552 243
3867 2480
1957 2462
539 769
1263 3004
2460 1752
2020 3535
2874 3577
2291 2914
413 962
915 706
488 2896
1864 3532
2828 2572
1353 395
3289 2532
1303 3454
1387 2294
3981 1664
286 2024
1610 899
1413 3509
322 3340
253 2726
3987 1080
1260 361
832 2066
1629 169
3608 3886
2598 3619
966 359
2858 2232
1725 2509
1152 3002
1763 3133
2110 3196
3703 1407
173 711
433 972
3904 487
1371 2702
962 1179
1288 2482
3408 149
1361 2743
426 3342
3238 44
1218 2225
527 2811
1179 2520
1105 197
2367 2077
3064 961
3897 3927
1297 1978
1199 601
72 615
2584 1093
2384 3282
424 244
668 492
23 3156
1109 3539
3017 3646
3559 1759
740 3554
1914 2511
789 2463
3259 1235
2807 3590
1998 3658
2818 1337
3350 3337
60 921
3407 3171
1024 3405
2793 3563
882 1222
3910 1076
3757 1913
1505 1877
2161 634
3199 3456
2273 3001
1066 2977
3536 2316
1406 1026
2845 1256
1382 3201
3468 3959
3254 530
1781 610
3824 1930
3813 2717
1107 2618
3468 2914
2289 1804
717 2064
89 2081
2300 86
2553 2389
2446 3494
977 2079
3717 2580
3799 1711
3551 2404
3476 2673
2706 766
2425 2607
2638 1305
3378 1099
1504 138
1838 3718
2267 2035
3932 1251
1812 111
3983 3177
2402 1492
545 1397
3304 1755
1457 2421
3623 1179
3210 1183
2540 810
1552 230
398 373
2101 1365
3384 226
2032 2855
2315 1076
3474 994
2270 3104
1994 877
1456 2305
2580 375
1608 1269
3597 1177
1104 2318
2523 3435
3666 2193
3482 2031
538 1523
2873 1676
645 525
2529 866
3937 1119
3592 1072
415 2483
1220 111
3469 229
2378 3145
3459 312
742 3810
694 3642
2525 415
2374 2667
3761 3834
2706 3055
1041 806
1209 3561
3929 1853
3518 1549
863 1077
1793 3292
3511 3299
615 344
1617 3453
1168 2961
3097 988
68 3536
3656 2649
383 2617
277 1940
2030 1168
1426 2092
3596 795
2619 2724
2483 191
183 2607
1785 219
3261 543
3628 1668
788 2506
3485 869
542 449
1150 1852
306 236
2434 2112
1567 1763
1966 1578
337 1516
778 1094
2329 773
1358 3141
610 1697
3181 1778
3667 2131
484 678
1121 3253
446 3216
3358 3818
190 3829
120 2540
961 1699
1154 3335
3073 2612
3749 2453
1398 3686
438 1178
1485 1463
828 3839
1476 284
74 1561
3068 3788
103 1051
463 2748
3475 2653
3623 424
2260 9
2586 2552
686 447
88 300
3588 2255
3513 433
2581 1189
214 1159
1552 32
17 3981
478 1185
522 1279
485 930
1386 2894
745 608
3059 2139
3889 288
2945 2947
253 1719
1763 606
3466 1834
1499 1756
1261 1612
2216 188
281 1224
2130 1901
2197 596
2497 2079
542 295
1755 1098
1076 3975
243 1323
3544 356
3893 2969
1902 2127
2323 1065
3869 3657
2535 3135
2195 1128
3507 3477
2681 1166
2964 2857
654 181
2867 1972
2027 478
1601 3404
857 1084
1411 3855
2970 3644
2484 798
1351 1731
926 2093
3393 1215
649 3056
1373 1574
1101 2193
225 3503
343 1860
2357 1762
3607 1251
3009 689
2421 3397
781 3432
3272 2792
2849 99
1096 3187
1437 1140
376 1083
173 375
579 886
2542 3986
136 1844
1225 910
3111 1488
3853 2454
2177 84
2232 1836
1080 920
3306 2713
3659 238
777 3676
657 1626
253 2534
2091 396
2038 1879
431 2865
627 3347
2421 3607
1020 3814
1963 548
3460 128
3 1339
1211 1295
3256 1365
1994 2328
3657 1611
1462 2624
1141 2394
3352 2537
3471 2795
1539 16
3191 2331
1767 318
1690 1391
3187 2270
923 1710
1901 2455
132 3343
80 3399
1890 127
1527 676
3836 1230
3267 2543
2640 1357
1614 2300
66 1885
2638 1402
2471 903
1119 2478
3450 1755
2278 2360
3298 2394
576 1432
936 3538
2642 2568
2763 753
312 2525
3895 271
2450 3810
1054 2428
3423 1492
1842 3184
877 802
3425 613
1347 729
1811 1004
3390 3986
319 3719
2292 625
3614 3360
2933 2203
862 3772
1090 3906
12 1090
1120 940
361 3701
381 1776
751 2536
2978 3096
1880 1693
1384 489
3770 118
2631 2147
3822 240
986 2557
3237 71
2440 2243
3470 3079
3754 2503
422 3408
1747 406
3055 2181
3451 1533
938 3755
3640 1984
1613 1897
2753 737
2578 745
1746 817
290 3246
1057 158
1359 2390
3590 528
3447 2346
1890 1561
3823 302
2640 3778
1508 735
604 3409
3935 1140
2049 3904
2160 2252
2825 3226
403 3289
2157 797
2758 72
2650 2839
1548 643
650 3381
1071 494
2639 1190
298 1517
2758 3455
1239 3379
2376 3570
1998 1916
3579 927
10 1769
3249 338
2364 3453
1767 180
2149 3692
1842 549
2562 890
3283 2763
1035 462
2456 2632
401 52
3915 3688
3281 958
770 1809
3600 2622
1921 783
3173 1794
2202 3473
810 2437
3034 23
1713 3709
3119 1125
2741 2028
1487 1027
2351 3992
2097 3175
205 2240
1608 1348
1875 2604
87 2510
2974 630
2374 884
1209 1972
2766 3605
1580 2004
3825 3169
1124 2443
3462 1176
843 2584
3233 874
1822 713
165 2426
1845 1060
2603 3266
1733 3319
2765 2162
1549 3203
3056 3214
1380 673
653 1675
1529 2411
1099 2076
2815 2447
2029 1819
1239 3961
688 1353
2574 413
3528 3813
1468 821
3354 1235
2284 3760
210 3317
2291 1314
2894 1657
2119 332
2595 2807
237 3235
3847 143
230 1611
109 3727
2508 478
3896 2318
1488 156
1177 3216
3586 2198
1803 2219
200 2764
612 1377
828 1473
3010 1022
2788 2990
3025 1390
2453 2339
2690 2600
825 742
782 2242
224 724
184 3862
3608 1467
1307 1875
2921 893
169 689
291 2278
2770 3364
901 421
198 3788
2128 13
807 717
158 3838
1084 3765
3724 1840
3897 1580
3126 3967
1740 366
2887 2293
909 2914
1025 3963
3749 3018
2739 3314
2167 3545
3828 557
3193 1355
1805 3874
2140 888
28 1395
2991 2674
1595 898
963 347
440 689
306 2075
3973 3810
1506 1835
2587 3157
3845 1935
1813 752
2517 1127
2014 1746
1674 2216
232 1027
2978 1161
1671 492
1202 1852
318 933
2455 3904
1154 1362
629 2257
1179 2933
3955 2753
2365 2071
2293 746
446 3344
3069 3493
90 1902
566 1116
1679 2599
3730 2098
3568 62
1577 1121
385 2533
22 454
3928 1529
1079 1595
1896 2010
829 128
1362 1612
2584 2146
1955 2106
2019 162
3138 2461
2936 3489
1734 3339
1281 3517
166 2096
841 1016
3170 2584
1489 1247
2270 2010
3324 2308
1502 1777
2630 2745
338 191
1147 2687
35 741
1720 2467
1986 1884
1557 3105
1845 3978
718 3924
1376 3031
1354 1630
1464 816
739 1441
2513 599
3563 2959
3196 618
351 461
2766 2077
2790 3428
1364 2602
1485 1645
2291 1920
1142 2525
3228 2483
1268 1307
638 1
2100 2998
2447 599
692 3391
1795 644
1491 106
3837 244
1943 2515
133 370
3571 921
3544 37
3102 3249
40 2950
323 215
1599 2949
3693 560
2743 3075
2112 621
406 3498
1863 2321
1929 2908
2742 2691
1805 289
852 1972
3045 254
2119 2157
3168 2341
455 1124
2772 2414
729 3887
1088 1959
1604 3687
2942 3433
1955 3257
2613 1867
3143 2142
2820 1365
278 636
2724 3293
1698 153
1317 1199
2631 3759
395 1948
3689 3819
1662 3008
3794 2201
3575 3910
1201 39
2888 2416
3084 2277
2720 1388
1694 3709
827 3528
385 2977
3856 773
2862 3370
1425 2717
1836 769
1394 2333
605 3780
1116 8
3534 873
1832 1439
3585 2099
751 2982
873 3428
193 2103
2407 3933
1129 1256
3210 1080
3149 631
1895 2932
3244 425
3488 3976
2005 3312
3633 1987
347 1802
573 1117
2920 3346
242 2132
1922 1683
1398 2420
879 3951
1570 1565
3952 3505
2423 1145
3836 3822
829 2661
3126 137
374 1688
3862 2333
276 1617
1430 3708
483 2449
732 268
3167 2078
241 2593
3036 2522
156 1403
1617 3676
397 3557
3968 102
252 3824
1900 1720
312 754
3499 904
2771 2212
2399 1734
1411 676
3497 1970
3661 1389
3263 1597
3899 1222
2371 1305
2342 2798
702 2787
3158 3207
3624 1729
673 266
3319 506
1816 1456
2357 1998
696 3234
2671 2504
3049 1281
633 3060
3048 2621
759 274
1124 3107
149 274
1494 3454
3242 1486
1540 3375
903 1454
1640 1451
770 1273
2672 1504
2258 3965
3222 1550
948 3501
1046 3181
1847 2590
2529 3070
1331 1145
3974 3518
1617 666
486 3851
618 314
2066 989
3276 3891
2995 2182
118 2107
2944 3683
2568 2008
202 852
3815 2244
3460 1285
3785 3436
2837 437
515 3104
1160 2526
1474 891
1649 70
934 3190
2083 462
1168 2990
388 3706
552 144
1650 2181
3356 1991
250 2110
2980 248
1911 2860
3384 2744
1117 1634
2536 3163
1418 3536
65 2095
1753 1873
3212 1010
3288 2320
3464 3423
346 940
2208 2713
572 3112
843 2999
769 2540
2137 3503
2493 3799
2714 2711
2267 540
1653 1008
2233 602
1085 1809
1063 1315
3840 3321
980 2895
1169 3856
2463 2397
660 1223
3514 256
1830 1406
3999 1211
2326 1656
2838 3463
1835 3820
3954 42
3748 1400
2189 3449
1043 953
2500 1655
326 1545
1962 769
3091 3844
525 3873
3481 3094
1300 2302
2451 524
3943 4000
468 1098
514 1177
3856 3203
1270 1042
2034 1734
1103 1443
3614 1440
2532 2859
2160 3795
2358 3750
1050 346
1096 1591
1753 1367
3863 201
1234 2474
1515 276
2690 1707
825 3107
2493 1699
3475 1115
1615 2916
3180 1575
3703 320
2869 1339
3915 835
2267 561
1607 2177
3270 2312
1926 728
907 3588
3738 1127
619 645
2151 1998
3969 1817
3438 1685
909 1305
1237 1781
2421 386
996 486
956 858
2822 2886
2662 2145
1549 2680
3798 3728
2212 2033
2313 2501
2284 1455
687 1492
2123 1804
2020 3192
2699 1832
3909 1258
3015 2360
2753 1869
211 1809
3265 3280
3612 1188
1815 2565
3797 3828
1325 2288
3230 3106
216 2672
2362 1075
740 810
448 1587
2962 3668
2290 1122
3136 531
3624 58
961 2540
376 3203
1316 2513
2421 3689
2365 799
1 535
2729 2899
3336 777
1086 3999
3013 1179
914 1557
531 3549
178 1891
854 1318
2000 3633
2003 3972
512 1700
1601 1705
85 1901
3799 2053
2225 1169
2873 3146
2256 383
3821 3422
560 2795
1977 2758
2523 3599
837 1063
2073 668
784 2024
1106 727
1280 704
3573 77
2894 3645
3299 615
3616 2245
847 2999
2127 308
2165 3727
1540 1291
1386 3801
2480 3497
3190 2218
3195 3648
73 333
1519 672
1424 253
3471 2138
1385 140
2678 3809
440 2824
2142 2662
2565 570
2500 120
936 1170
630 3526
300 1904
1062 2854
1126 3704
103 339
3451 621
3496 73
2147 1384
2949 2021
1536 1857
1969 987
1650 3504
235 3725
1224 984
357 1674
2569 991
3440 1799
2645 892
569 276
2642 3577
450 2951
2259 3777
2498 668
2028 2026
2390 1824
3292 3391
2822 3598
397 3792
2957 967
3182 2907
1353 1818
1710 2043
3818 3773
2935 107
3077 465
2320 552
434 2725
2184 942
3110 1095
2327 3649
2498 579
1387 756
1404 3922
1874 3718
2705 3578
20 2312
591 508
72 2454
2060 3929
3216 1468
121 2506
745 725
3759 2431
3173 2143
1341 1523
3069 1979
1201 1033
865 773
1738 1003
1931 2791
2437 2210
2652 1663
2875 3978
759 1897
3215 1371
2535 2227
464 3602
3428 3893
2616 1093
2299 3220
1569 3011
848 3476
2494 1435
1267 870
3533 557
2177 613
2804 3826
231 1086
3120 2177
1759 3775
2142 2943
2779 3024
2342 351
1428 3991
3466 3795
3274 79
2562 383
3690 3828
2046 2801
2812 3419
3912 3301
15 78
2549 2219
2920 3226
2871 318
793 3981
3727 3416
905 560
541 2633
3102 3695
839 3323
3691 1150
2184 3555
2242 1357
3117 107
3931 3031
997 166
3279 2429
3802 2010
2923 344
1133 3123
2438 1126
3134 3779
1608 3556
1805 3551
428 2969
3156 2778
2396 798
799 3283
1635 3381
1527 1783
1048 3890
1130 3248
1299 615
1274 753
1848 3994
3561 3630
2044 2354
3919 3890
2021 2681
3567 1331
3684 3034
934 3785
1357 3270
2459 3490
2917 2357
3523 1730
635 2327
1572 2879
3354 2505
505 3276
3857 2228
2851 2400
3559 1718
1834 2208
2206 2243
3933 3464
2801 1791
3098 3821
1921 1146
2193 1107
1662 2405
1726 43
1680 821
610 122
1671 2008
78 1769
574 1180
3958 2619
1862 1327
1910 1340
1332 1311
611 2260
244 3799
80 3433
1825 3340
519 3578
2861 611
277 1640
1272 2167
615 3866
960 761
1182 34
2688 3155
2761 2355
3531 701
2702 1119
429 1692
1930 711
929 2961
95 520
1668 3999
1068 3215
290 1177
742 36
325 777
2477 2819
2975 2756
3903 549
1010 405
2544 3397
3792 930
3951 1109
1203 3489
2842 3811
1484 1821
842 3680
218 2759
3182 3539
896 778
2990 1546
2166 2122
1021 1249
264 2007
2278 674
2274 3786
2424 3780
1904 3893
2051 273
1388 2849
2332 3741
3835 3891
2176 3380
1519 2992
352 2565
3422 1587
2794 3925
1218 1158
2719 733
651 3214
1643 3597
3596 3386
1394 3234
2211 3870
1644 2266
3738 331
3890 467
94 2405
1633 2153
3743 1228
1042 1817
450 2672
3210 1298
3100 1627
984 2950
3648 894
3119 2894
704 3082
2507 1075
686 1519
1813 1553
3146 3653
2314 2612
3146 2492
875 1522
3569 3827
2877 1666
741 745
159 3664
2974 1952
1693 1459
2724 3751
3027 1522
2779 1645
3078 1985
635 2449
1325 3913
1021 3766
353 1602
2145 3283
1068 3961
179 1285
129 3719
2064 2518
1789 3727
1144 1547
1075 3466
1349 1851
1016 2671
1258 165
1517 3207
2592 3294
454 2011
695 1685
1689 3882
3519 2554
654 35
563 2828
854 832
2999 2903
2106 1807
2872 3431
383 2702
1712 1843
2585 117
3863 2411
2132 3498
2576 3350
2436 1975
593 2641
3475 3757
1378 3024
2500 1869
1 1217
3080 3955
3193 1285
2595 56
3828 2345
440 3457
576 93
2109 1230
3639 181
2630 234
2433 1008
2639 3865
2977 1719
3715 1152
3194 583
2063 1213
2598 1355
3144 3933
233 1888
3264 3135
3568 1532
410 3870
666 1494
2194 703
3533 96
2281 2287
1264 644
208 1689
2685 1585
1989 3210
0 286
2194 585
2382 2960
3867 3101
2924 3634
552 1919
2940 1184
399 1850
557 852
3913 1020
2840 974
769 2912
248 2832
2490 207
2151 3633
2880 1494
2853 1132
1171 402
3201 2282
1036 1082
3157 205
1707 683
3340 1404
2763 2228
400 358
2008 784
716 60
1899 3581
667 3599
3934 1432
1672 3701
2883 2267
3337 2308
220 2295
758 1552
3874 372
869 311
3739 1554
17 2000
2742 106
459 2298
2692 3638
2792 227
3826 2759
2645 3716
2792 673
3490 2194
3641 439
3668 1839
2944 920
651 710
903 1571
2896 170
2219 1518
764 1761
1948 1345
2893 3133
3896 3207
1826 372
1556 2544
2896 108
3165 1349
3936 2619
3449 2173
984 1860
3779 525
3729 118
3457 2558
2701 593
2741 3411
2655 822
3008 2331
2965 2590
158 3264
1645 561
3619 2958
2607 2329
2307 2711
704 2673
934 1602
2476 3814
455 969
793 2688
3592 2920
3858 984
1594 3907
3200 221
2925 3184
1996 1120
1236 2191
3791 1535
2353 2877
2303 677
1834 715
2655 1369
3293 2094
3739 2338
3155 3978
1503 1791
1128 2869
3738 3316
2371 1425
1772 2772
2137 1427
3173 2877
1043 2674
2755 3266
2302 2475
2114 1448
247 937
3872 2654
1219 1920
1911 3519
1379 1217
1427 1859
1474 1063
2461 1033
3471 1139
1322 160
3393 3071
3350 3931
1862 1567
1849 834
1974 3474
1833 599
2465 2754
3010 2484
1179 1097
3620 1033
2357 525
3588 71
2453 3880
2181 3536
2146 1877
2477 2292
1269 2172
3049 113
2177 2319
2225 998
1771 1510
1162 3137
3103 1428
2658 2138
886 2999
399 1121
143 1622
2900 1821
3155 912
2094 3738
531 519
2970 2718
2859 3140
1773 2942
1492 1859
2004 1943
2523 3266
541 2298
3833 785
1903 2370
840 1803
1484 1045
203 1736
2987 3318
1853 2937
1211 3720
3766 2327
2854 3976
3281 311
2301 934
647 411
2722 1477
3793 933
2299 2698
1667 1493
3328 2320
1345 453
3580 1699
643 2435
1305 3180
3344 2872
1490 3089
3636 1635
3671 3515
114 1223
1055 3271
1095 456
2189 2503
2927 1591
289 180
3438 1796
3710 477
3810 999
3148 1514
549 9
3756 3893
1716 3026
931 1480
2037 1009
591 819
3083 808
203 1649
814 539
959 395
2488 2058
2690 2591
2701 1618
3101 3880
675 679
3416 3941
2180 1375
2793 2503
2494 2724
909 3976
2167 2892
3527 3348
471 1939
899 2409
557 3417
3162 768
3048 1723
2924 3158
856 3943
3901 1751
1573 389
2961 517
517 1863
1067 3424
674 2574
1010 3155
1590 1667
3020 1175
2981 283
1790 2050
114 2646
2540 2240
3009 1009
3156 3474
3893 723
2754 2355
3995 252
3119 3833
3464 1778
3184 2155
1770 178
14 1797
486 3082
3462 2093
1869 619
3999 841
795 1263
3154 1499
3722 1764
2124 1786
2538 1941
1586 254
1118 3435
3235 2801
147 332
3532 748
2119 3197
3840 1738
2176 1429
1 127
3128 3488
2096 3203
3059 2714
412 3689
3813 3036
2532 652
284 1266
3852 3568
3187 137
2153 3208
2365 2109
1266 3193
871 42
736 72
3080 1701
2560 2795
3861 1750
3332 2459
2696 2268
1125 1160
234 1850
1224 43
1721 1426
449 2254
3723 2769
683 1249
952 2659
1611 3833
280 1564
3835 3866
53 78
1160 214
37 1018
3163 3086
3705 2190
1035 1095
28 562
775 2340
3580 460
3812 2099
189 3900
3170 923
3494 2854
3038 3149
2814 337
1312 569
2114 3526
1222 3897
3749 3494
3340 741
606 3557
3800 63
951 3982
138 2294
1728 2901
305 2147
3876 1383
2541 3540
1432 7
1194 948
2460 2467
593 3477
262 1299
3880 1319
3495 2176
924 1102
3337 3110
1591 3609
301 2736
1741 1472
3894 2924
3175 166
472 1014
1196 2168
3584 3057
2640 2423
3470 2746
249 3105
248 1617
864 3348
1802 64
3140 2723
44 2479
3363 1858
29 570
3145 3757
1946 1701
311 1847
3732 450
2744 3915
1070 2501
1198 741
1143 305
3977 890
3436 3286
0 2194
251 3843
870 928
1488 1306
3081 3676
1315 450
2285 410
1215 3029
2701 1918
361 1283
1809 2661
3358 1795
1773 3471
1483 2348
3790 1765
2371 488
2402 883
3448 1460
2305 258
1930 2087
661 3885
362 3257
1630 2424
2390 1498
1656 2768
3987 3620
3686 2864
2489 1516
1655 271
1336 424
2928 3964
2002 470
351 136
2967 169
3992 1075
2331 1349
1070 1397
1155 1267
3726 914
131 2703
1451 2650
3877 1372
478 770
463 546
1860 2888
2564 350
1240 703
3658 548
3401 2769
2301 2246
2417 373
1026 1155
1504 3112
3104 199
302 944
487 180
2065 3154
2307 2536
3241 453
1586 1751
2374 3677
188 643
1180 1323
1651 2070
2934 2773
1669 3495
2000 935
2287 64
