10000
4190 9498
8559 9725
4017 1746
4899 9172
7824 2123
9117 4195
9929 5439
3082 4304
293 5313
6700 9598
6300 8182
9732 8886
7546 6312
7770 1508
2308 9815
3122 3971
9138 3240
767 949
3987 3825
7729 1111
7688 1651
4440 4954
7344 9171
1343 6097
9025 9796
8749 7397
919 7612
3929 70
7320 307
4272 4885
2706 6400
3621 4331
4507 4554
196 494
6595 2
3490 6702
2749 9538
6163 6499
6421 5649
7209 6886
3454 2697
1350 3525
3730 1163
6373 3645
7775 3654
5417 1729
217 6448
2416 2378
4235 2674
8186 9136
9921 9668
3158 1216
9375 9878
9759 2481
5129 3883
6739 3598
4204 461
9182 3779
8495 2184
4288 3
4844 1083
177 6551
7704 9106
2141 315
8596 1275
7454 7685
4553 5598
1550 6523
1437 8212
840 565
7291 5758
2364 5887
6621 481
3605 6039
6461 1930
8942 96
9935 8342
2279 7372
755 2581
4207 9025
9576 7925
2055 2777
8781 9151
8009 7975
5713 2268
9935 5926
5477 4213
9594 6574
2992 7838
7803 4662
1675 9248
4782 9761
1239 2096
4954 2195
5499 3265
7879 9089
7716 9721
6961 7278
5447 4958
6607 975
7673 2362
1492 2286
2095 977
9895 8285
786 6348
5468 8163
8411 9218
9488 2802
5148 2686
56 5956
8847 7877
412 2774
6072 3108
2640 5395
3045 8789
2689 6008
2991 1075
6414 3814
2247 4722
5276 9693
5028 2232
3571 9136
3137 1888
1853 1312
9052 9690
9289 708
5448 2994
3044 5113
1119 6346
3734 8321
7171 9231
1608 5736
6647 4052
278 9640
2740 1856
3477 1299
6946 1745
3753 4913
9174 7164
6792 3216
9536 2693
5419 3642
1907 3545
7361 7908
5231 195
875 1522
5998 2462
3175 7698
7406 6980
1738 9591
6632 1586
9775 5127
6113 5204
8431 2667
4251 4293
8351 9711
9444 7213
6303 4489
4101 8453
4211 9969
5997 6949
1457 4839
2361 6025
4889 617
6183 9423
5732 3395
9730 3895
6711 7562
346 1016
9833 4015
6977 8799
5597 3872
1022 7422
9314 1393
1300 628
656 1873
1245 1671
3398 1652
9704 5759
1614 9805
2755 895
4654 4843
2198 6908
2404 5780
6561 8021
1090 6932
283 6001
6766 8942
9386 5696
5122 7671
7656 6084
3089 1485
8788 528
1236 4694
169 1613
6106 1535
7280 8879
6587 2734
707 4413
5735 1963
2593 7138
4945 2153
7826 7998
6710 9211
4480 4838
8876 2826
3808 9848
2040 2857
295 7394
8250 3887
6453 4842
8254 1675
1854 164
777 1873
2910 8618
3304 8755
2879 3411
6005 5245
6530 650
3657 3594
861 6174
1559 5203
7214 6057
2317 7581
2723 6796
7597 1820
6592 3548
5187 2789
4857 4137
2126 3488
7652 1478
5971 5841
6460 614
5208 1226
3273 3850
753 9983
4234 987
545 7300
4001 2498
9336 2553
2880 7191
9332 9347
8324 4265
7404 5991
6508 254
5100 6941
2885 7784
424 1341
5821 6584
3271 6574
3105 372
7474 6671
3857 2250
6689 2847
5935 7909
4206 7352
9534 5901
2134 4835
8772 7092
2871 6292
1377 4368
5294 6244
8259 7821
8331 9822
6138 4220
32 1212
6623 9005
589 8511
3526 5744
1285 447
94 9007
2419 5487
2127 6271
8740 545
9274 6426
728 4310
429 8796
6020 1925
4918 297
6728 8202
5896 7821
9523 4291
147 7063
8587 9816
7112 2290
2567 9672
5726 8352
6576 5266
7350 9487
2492 426
1632 6775
6219 7587
6815 6021
1938 3760
7046 8515
2319 9116
3987 3026
3839 8833
637 8222
6028 52
5192 9479
5245 8170
9139 6092
9329 1969
838 2617
3540 7320
5633 6719
7085 9372
1473 8596
4050 9610
6828 5792
7105 2026
5483 9621
1615 9046
1715 1402
2790 9516
7283 298
4414 1867
7023 9390
1822 1947
9829 1901
2369 2551
9307 1579
7232 1388
6969 2068
8783 1655
5843 2518
2700 2481
5378 1552
6661 1573
3133 7968
9634 859
9808 6791
5921 6933
514 1970
5166 818
6621 8287
2997 7512
8902 7471
4047 5479
7456 2692
1078 8529
1155 4512
4690 186
9879 4648
3145 3928
9102 5536
1120 7475
921 5297
4119 6825
2486 2856
6934 6679
7386 2709
4161 9892
7012 2053
8175 514
2278 9026
2098 4616
3833 5952
5290 6460
18 6095
2904 5744
4424 4024
7791 1523
1730 4583
6505 967
6555 714
4194 4149
6272 2446
4157 1528
1531 8721
4748 897
9207 6082
1949 958
3746 7841
7523 4968
4375 8253
9418 260
3250 8869
6764 3583
1840 3787
6561 5776
8489 7769
1665 8467
6467 6740
3211 5542
7032 5681
3316 476
1580 4592
4036 3515
856 950
9374 6918
1928 5091
8144 5338
5895 1255
9624 6147
5440 4419
2924 2043
5513 4360
3705 88
2974 7817
7470 3527
4399 3400
3940 4838
7226 964
6474 8659
1048 8834
4758 1616
1168 1924
6877 8869
2562 8178
9367 3625
5942 9464
5895 6293
391 5774
6184 1064
1241 4400
4111 7203
9716 7275
3935 900
1478 4762
8465 1139
3145 3374
2268 5273
3886 6842
3658 285
2148 3376
9109 7924
8810 4404
9582 8799
7540 9793
2140 1620
1570 2869
1730 5257
5899 6292
1123 1021
7438 1292
9312 2425
6352 3820
2153 663
4954 9700
6310 9234
9053 8479
1941 9924
1228 5623
6220 6837
9015 9671
4320 8738
9327 7715
8033 8881
9967 3665
9522 7005
9026 2296
6088 9443
2131 8145
4547 7641
382 6965
4856 563
126 1675
5401 2122
4063 8120
1537 3200
6545 9382
8406 7573
840 2863
6820 5086
6528 6356
3565 4367
1054 4160
5739 8728
5836 4127
1060 4782
6275 1398
3737 4559
6073 4638
3782 7941
1658 6094
3020 4764
5245 4092
6087 1166
6334 4557
497 5013
3051 1537
9400 3744
8933 1470
3333 3230
9623 7851
5649 8019
1813 564
7972 6258
1353 3987
109 9991
3592 2572
520 4218
614 5904
5958 1191
9982 6461
3765 4861
6526 5120
3217 9764
8411 3379
6025 733
2978 6454
5721 5486
4611 6719
3201 3331
8555 874
7638 1008
4279 3273
3677 1709
5239 1819
2464 99
1638 5884
5535 7119
9668 3947
8978 3301
6016 7533
6666 9073
4481 3545
644 7456
1236 4276
3806 7911
2959 5868
4485 4167
8764 6511
8491 2782
3971 2621
1768 7156
4352 860
4511 5121
4080 6755
6376 8780
5975 6293
5930 1005
550 2362
7281 7500
3454 7185
315 1786
9265 1463
1698 7183
6609 197
5729 802
2279 3966
9762 6620
316 8202
1686 4556
4180 1368
7473 4758
1129 9890
196 8626
6727 6979
583 5444
8500 4716
8897 2424
7309 2994
7904 6952
9778 3317
2356 3069
1223 5912
4336 5837
5900 1688
6750 5214
3347 450
4284 1609
6710 413
3618 127
7063 2929
905 9965
1021 4438
7337 3478
632 7744
1078 2262
976 5528
6924 2771
2991 3316
7049 8115
2558 6260
3928 9363
6359 8697
7057 2486
5590 7373
6539 5069
9433 4971
8521 6816
3102 8649
544 7741
718 3425
4839 8949
9762 7820
3774 5435
6620 5029
222 4970
8374 21
1408 9049
1262 4511
1963 5514
9476 9499
5272 3417
9627 9061
1691 1857
800 6249
9976 7909
5475 2211
9248 2191
5351 5926
3739 3208
1063 8070
9678 9558
2594 2439
4186 4566
3489 9343
6216 7361
3069 2525
8726 2285
2665 8781
5057 6414
2250 7639
2768 3992
4959 2904
3889 2669
6868 7133
8301 4287
3088 4513
6099 2878
2013 6827
8353 13
5872 6135
4155 5216
5167 1132
8056 2099
7938 1403
3419 8484
2311 374
6723 1985
9521 4354
4323 7085
8507 7975
2140 2354
2244 4965
144 7797
3648 2500
130 9203
1116 7366
724 6749
2703 1669
8071 5943
7276 8366
9258 5400
6229 6095
5022 280
1898 3173
4450 4785
1159 9483
9404 6692
2923 5378
8804 5213
8246 6975
342 3654
9339 8308
7159 1247
896 3508
5110 7669
7717 4047
8548 5279
782 5831
7180 9383
1093 9618
6851 22
3064 4498
2960 7023
1357 3793
6846 3782
1373 9601
8000 4239
7261 7200
4306 6215
8836 149
3022 2615
133 5545
5075 867
2411 7516
2355 6712
2886 3658
3212 1063
3550 3953
6347 100
6251 817
9420 3435
4330 1243
4697 4334
8877 346
5497 1672
9875 1995
803 7860
1892 8335
8670 936
1019 4389
2021 989
6175 2824
3118 443
4541 2985
789 448
4047 9551
6825 5173
2236 6724
1766 6265
8519 4778
2678 4164
8129 2441
7192 5794
9403 2989
8472 2044
517 9798
3497 3540
6449 720
2934 7706
9367 7062
8941 4280
5965 1594
2259 7842
985 9942
5080 165
332 3422
5520 1636
3513 702
7941 3096
7951 4546
6047 491
9861 2159
527 2768
8353 7776
5279 1293
9124 8733
8733 6511
6414 7405
6115 1921
4646 2437
7046 3728
2707 73
5062 9237
4822 6521
6620 9592
9855 8269
6725 2550
742 2828
6928 8081
7633 7180
2858 3875
7076 5096
9335 7286
4873 4758
7055 3686
4994 3014
1979 6985
1101 9792
8407 2665
346 4457
3122 8839
7160 955
1151 7082
8514 1281
8078 7346
4444 9438
6060 1380
1598 1618
347 466
7014 6197
6177 9320
112 4089
368 1041
1085 870
343 6539
6259 902
4218 3520
5214 7487
3148 9975
6634 1645
7959 3491
225 5153
459 80
1923 5582
9892 8049
9711 681
1769 4589
3012 2450
1813 6212
6070 375
3758 6771
6530 6484
7014 563
6328 2481
1790 9108
7896 1283
5070 9209
5981 8076
4192 3536
895 5104
15 5280
2335 3452
2430 6702
7189 7310
3958 5951
9947 5349
715 1027
6463 5063
1911 472
4645 7142
3975 3874
5181 6741
2943 931
5973 4434
9133 4666
8591 1340
6992 9445
3295 3174
2769 4698
4111 8223
8433 2444
8076 5347
1321 1895
2774 7526
4028 4682
9935 635
5210 1246
6652 6088
9210 928
9951 3739
884 7361
2490 9011
9552 3998
7756 9038
1876 4663
1481 8614
938 6446
1622 1533
3538 6131
5767 756
3597 4028
9870 154
1506 3061
9741 7550
5053 8669
5955 3661
8728 415
2605 9782
5002 4079
1233 4138
9627 9783
3514 6614
2218 3000
7797 4933
1116 2951
695 6786
8121 355
1644 870
2403 153
6991 8980
7300 1352
2125 5379
6785 5679
672 9858
5925 1027
1237 7614
7504 8151
6580 4937
7448 8920
3500 7111
2098 3352
6579 948
5937 2233
3668 3253
85 4211
4801 2275
5430 724
5289 5468
7079 205
8836 9783
1452 1361
4373 6220
7964 1620
399 8165
6234 3462
3820 4306
6985 4768
5959 7218
3025 1977
5840 4728
6654 8232
8478 2703
3203 220
9665 9007
1362 4506
9539 2760
6241 9856
5119 72
8959 3963
2312 5571
6108 6168
6391 8406
9007 3816
8647 1501
3618 6294
6614 6233
9731 8049
1032 4916
1120 7589
4365 2835
8082 7418
1742 7605
5011 7521
9863 9223
3943 7915
2079 6442
6194 3069
2426 7538
9590 474
8373 784
689 9432
2087 97
3366 8393
6610 7341
3069 6536
8690 126
6015 7527
7827 9438
9897 8503
1746 4002
5150 8686
4602 8796
7953 7191
6878 4136
7742 6948
4498 7755
3164 2066
926 2269
8368 6906
8982 4295
3157 117
4412 5597
4821 6313
8487 2479
1793 3620
6446 9688
9961 8785
2313 9066
7032 1512
2469 2607
9397 7109
9283 7361
4576 593
6870 3000
4815 8550
2688 8066
3842 6963
5848 6108
6633 6272
6527 8398
7363 7667
1860 3341
511 6567
9598 9652
4910 5171
6952 7764
3670 5722
1662 1414
3754 7179
8483 1907
13 6739
5908 2971
8852 1319
6741 7011
7320 633
7954 5554
379 3430
211 6318
3280 3744
4392 1343
1091 8202
6943 852
2194 5765
3220 2554
6880 9589
2034 198
8973 3723
5333 8846
8313 6879
8911 2986
8833 4176
4103 5034
8586 7990
8715 3090
4130 9803
4400 6086
3530 7150
7344 5078
7190 550
8958 4775
3963 9935
551 7251
8125 630
9880 7866
8578 5758
2639 8085
1917 2337
6624 8341
2325 9290
2491 7504
6904 6712
5858 2546
2513 1840
1986 1013
2681 6629
5851 8741
7671 6995
3852 2662
5945 3326
7760 7073
2027 1014
9293 383
161 5479
2632 1515
3516 4804
93 2154
9366 8340
5481 3348
6294 1705
4967 5371
4292 8812
7036 9458
4253 1289
868 1230
1211 3217
8016 6627
6582 4465
9972 1343
5874 3972
7927 622
7856 7285
5541 4458
1795 5673
6703 9447
5741 2956
5962 3506
6647 8434
6740 1289
1287 2947
433 4921
2744 1833
4717 5633
3397 2822
9662 2498
5582 3521
5881 5800
2243 6167
1317 2534
8196 2445
7476 696
8479 8096
8628 6129
1004 827
232 8039
1259 3281
7061 1563
445 3573
2551 3898
6900 1596
329 8858
7619 477
6719 3392
1286 7324
6611 8678
556 3617
4048 6853
5965 1541
2830 1672
4886 9278
6962 3294
5248 5635
9453 788
6688 516
6853 6054
1895 3330
3524 8709
6022 6752
3439 7908
3550 587
1287 1327
5468 1769
6391 2440
8938 7429
81 1132
2667 7076
583 2079
7900 9261
2168 2737
7076 2638
3376 8840
172 3278
7869 7664
1920 3640
3020 8473
3239 9397
5071 1695
1529 1857
1464 3762
904 1447
3770 2491
868 4234
2289 8499
5438 23
6806 4862
6212 5476
2986 5356
8997 1820
9565 8377
1965 7586
3205 6792
4275 4539
1995 6315
6576 6828
3386 1745
3871 6742
8619 2759
8667 357
5957 5975
3808 5126
3381 3533
4252 5402
6300 9311
99 5896
3318 2955
1164 693
5068 3200
6530 9621
3786 2819
8134 9076
1187 98
7000 3763
3106 824
5301 8329
5575 2319
322 7106
1150 711
1820 7800
2816 8997
7681 784
3721 8811
8882 5670
8324 6961
2623 1907
3510 5943
9263 3879
8190 6617
7097 8954
4662 3061
5984 9977
9530 599
541 9834
3183 242
1947 8227
8666 8879
7124 5844
7181 5885
869 1063
7106 8404
598 9913
4182 3751
4554 5636
5302 3665
8367 1726
4911 105
4514 2689
9457 5962
1706 9946
7389 8072
8497 295
425 9920
5952 2717
6063 573
9648 89
5172 6359
8475 3716
1803 1666
9891 8481
1079 2520
1775 7155
9068 2712
4928 4469
7972 3976
1821 3969
9091 4510
4441 7308
856 8126
6298 2753
7217 8241
1017 3514
2958 6069
1356 4727
2134 8990
586 6165
1097 2184
8902 407
8220 734
7619 8102
1185 7951
8377 9880
4665 162
5576 3912
7590 8332
9521 1278
2825 9023
9762 6536
4155 4599
4027 405
7347 247
7136 5027
6530 5171
2036 5176
474 8572
2483 1289
6801 8859
7021 7168
3916 9457
6670 4080
1811 938
2337 1643
5558 7438
457 6164
7399 2353
6925 5291
8724 5875
1423 4963
9935 8445
6764 9584
2965 1840
2086 7992
8197 5792
6383 6294
6661 5554
5931 3285
658 2340
125 4175
9017 2339
2570 2514
9230 5737
4440 1182
2171 725
1721 2795
9843 2125
3337 7610
2894 5141
6190 1407
8553 3481
4449 8679
4601 7780
7158 3949
2099 9976
9093 5700
4632 5810
7259 7753
3618 2128
1830 6273
5851 174
7198 3129
6314 2661
1302 6356
3699 1788
375 8137
9894 8591
56 4205
404 1646
7141 4227
2930 8051
9515 5681
3837 1129
2729 6589
67 5218
3984 8057
4291 9522
4671 2556
2745 1778
4615 1742
8267 6344
151 5955
5045 5886
872 8520
1523 2665
9005 5468
1419 5133
8890 5577
2897 5736
26 9923
6265 5952
8276 8946
7295 8345
1030 8264
6520 7446
3422 2216
8744 6436
5489 7399
6275 4870
6058 8431
8386 7019
4847 407
8453 4269
4728 7835
2510 560
7025 1454
4323 1566
1101 154
2973 8061
450 6855
3800 6347
4771 8362
241 1393
1309 3068
2934 4478
2978 7102
7382 6840
768 2968
1355 6339
6360 7369
6811 737
3500 3254
6805 6038
430 5212
1193 3425
5587 8202
8982 5184
9106 90
7140 9893
4999 6392
6405 2210
1405 6154
3448 2641
7121 7441
7193 475
4491 3854
2786 8121
6453 9892
8517 3673
1316 3419
66 2868
4518 9480
939 7765
7185 1380
4252 795
1001 5083
6878 3268
3411 7673
5777 4260
519 7184
5216 1750
1480 4418
2913 612
2747 4962
1879 748
9332 5259
972 4177
2788 962
2942 5433
8093 9818
447 238
8812 9067
8768 766
8511 1406
5810 4358
4965 9980
5756 6047
9714 2158
8878 9818
3734 6216
9056 3599
7796 9061
5835 5098
362 9944
6143 7715
8653 6166
9544 626
2927 980
2953 9023
662 6017
4444 2365
740 1815
523 8734
1400 8191
8770 680
5717 5347
4472 6914
672 7329
3785 7081
9876 8284
1641 8067
7110 8108
1885 556
469 1849
9570 5630
7431 4765
105 1606
8411 2826
9182 2386
6076 6053
7812 7621
5413 7351
8653 3975
81 862
1000 6724
3572 7296
3350 9803
3983 2082
6634 85
244 9474
5549 1393
9907 937
8421 6357
8072 967
1254 5753
3121 6066
3850 7441
6424 5994
686 7784
5158 3492
6684 6808
2725 8912
7353 1316
6782 4931
3476 6666
9727 7219
244 4702
9296 245
9388 1440
8511 4066
8232 3763
4462 7309
3273 7961
1381 1623
7004 3215
6115 7153
1058 2670
2259 8654
3445 7707
8063 7352
3576 361
9048 4395
2856 7225
2398 4144
9371 6610
4145 9716
8756 4635
7839 3291
2995 8383
2525 2111
6452 9867
3417 7658
702 6929
9062 4319
2866 5567
6523 8180
1393 8053
6504 2339
3384 4830
3326 2346
7142 4974
9585 8752
5139 3694
4963 6628
7837 5577
1750 576
3652 6391
2329 5250
5354 3240
316 139
9826 7065
311 7546
9556 9785
5645 1532
6233 2358
4276 9588
1406 2969
6510 6712
8766 4803
7272 4130
1133 7458
8332 4103
8607 9722
5833 9094
4251 6170
9967 8832
6243 5006
6514 4510
9294 5957
3170 5135
8888 7839
9692 8079
2928 3903
3229 2736
6141 6661
242 2319
1417 9069
615 9221
3219 188
7652 5256
7160 3010
2071 4945
9065 629
5057 9325
5510 1987
7028 6757
3054 9014
437 5753
7665 1701
2178 8384
5206 3381
1035 7982
6679 9207
9577 3233
4196 531
7124 5878
2248 403
4167 4189
9372 4605
2864 5872
1584 4134
6047 7672
6545 3260
9231 3975
3201 1462
56 5128
3228 7283
4099 9553
1372 398
103 3026
5938 9528
3532 432
6148 7468
2670 3491
2926 540
3905 9816
4534 645
7948 444
2286 1645
2695 8826
7306 8292
6706 5873
3406 8512
6686 8850
8656 4930
7202 8862
8907 4721
30 4115
2446 8373
5546 5141
6451 7265
1472 6103
9627 6683
4333 7368
7407 1090
3635 1864
3188 2645
5604 860
5203 3307
1170 1719
6829 1873
3710 5162
8612 4529
6502 9590
2468 9574
9254 8974
1363 4540
4802 1092
4567 3832
5800 4475
3927 2284
2018 6807
659 472
8069 8965
6476 5502
2770 8864
1657 3650
388 2097
3473 2239
4609 524
5901 3551
9842 2390
1817 6455
4669 7033
2981 9125
2402 5220
3683 4259
439 3166
2027 8969
6513 2924
8944 5024
8853 5337
4076 1224
4749 8347
8946 4960
362 8312
5646 268
6584 8094
902 2444
7829 1418
9699 1270
2718 9811
4612 4107
3463 3975
1099 3946
87 2665
5748 534
992 5104
1988 8501
976 3326
9662 5565
3999 4026
5081 2709
878 7896
2656 9999
5771 1475
735 6978
4769 3191
1243 4297
429 9310
5892 6605
1703 4939
2759 4125
8503 7131
1323 1585
4957 2973
2487 7213
2093 7721
859 5567
6751 6898
2001 2098
1405 6364
1017 6612
5264 5488
9771 8604
1465 3794
2751 7426
7039 5098
8737 8277
6231 793
3452 5170
4359 533
3603 5836
9579 829
943 27
4212 1119
1157 5844
6645 2558
7368 433
3495 8771
8212 463
3999 4412
7557 5698
1110 9513
6357 2530
4920 6338
140 6636
5018 4758
7487 8476
7113 752
2858 5439
9636 7884
457 6252
6476 7135
1296 238
858 3798
6302 5564
7510 7733
5127 7943
391 8322
8529 5876
2782 5028
3963 73
9017 2441
9012 6006
365 5331
7303 7442
1673 5353
2049 7994
4909 5992
2774 9287
2354 8736
21 7876
299 1041
7515 2815
2886 2378
6313 4399
9475 7027
2489 3906
3070 5371
1388 7255
6632 3169
6227 4233
5232 394
3766 350
5314 2015
7002 9358
7339 8999
9271 477
1042 8562
8041 4176
3639 7153
3005 5449
6288 3647
3767 5086
1177 8877
4888 3190
5858 8243
5278 6178
9540 8584
6558 5457
5697 7404
4409 2162
5093 7727
789 6168
6142 9163
6577 3186
8814 311
5706 3892
1150 2941
1997 2306
7602 2113
2625 7237
4848 2963
2407 1767
7865 7220
2240 8536
2406 2515
2426 7390
8073 5934
2086 5569
5518 737
1874 109
7295 7489
9046 1107
2196 3134
3754 1398
2245 2599
475 6927
5688 6792
3217 7179
7948 9789
6527 7773
7306 5581
8879 6356
7060 9246
3309 5131
8904 9692
4177 288
398 9663
8324 1553
7899 2834
2638 5234
1249 5757
9348 2041
2315 2216
3097 5109
9926 4183
6485 2088
9525 6511
4354 6317
2325 1982
8712 7790
6112 429
191 2384
270 2579
4610 9799
3481 1408
5556 1141
7390 3641
2699 8809
6942 9249
9910 8709
9000 4703
4476 8415
340 5073
1165 3097
2116 8534
7991 3623
9281 6754
4083 2880
9381 1651
696 1962
2322 5426
4107 5308
1807 14
2427 3316
7796 8166
7977 2333
4721 15
4143 2148
3238 9604
2389 193
9624 1378
6616 2481
6372 9318
8077 5731
8282 9092
3432 2102
6656 3327
1801 4206
6667 8715
1264 1683
350 8436
4658 6391
4331 9897
3812 9262
7966 515
2081 4097
4739 3141
719 7044
8616 3479
3586 822
3309 2290
7461 2373
6560 2086
3027 8078
9266 5269
554 2870
9278 8255
9894 3346
5491 8900
8489 2447
7917 7682
6678 7203
2227 1948
8399 921
7738 9374
3993 4636
9862 2818
6446 4900
4268 954
2645 7148
5039 6930
6731 3299
5297 8374
1260 5608
7979 6316
4731 5886
3077 2865
7938 8850
910 5415
5989 345
81 4234
2191 5039
9190 4097
8647 3105
6652 3150
5661 9138
3567 6924
2608 8208
2554 4052
1185 1606
4504 9843
6268 316
8467 4325
452 9137
8059 1174
9801 2991
7254 8303
5705 9945
3414 4539
2716 3307
5606 9952
8297 4647
425 6332
7178 4786
1720 3486
3535 4162
3843 5818
8590 3055
1318 1399
7736 8754
805 3272
6689 5351
6353 1767
6694 6506
6217 7636
7568 534
1540 3714
8339 2469
2119 6815
2089 5309
300 9914
1914 8825
3569 1103
4789 9725
6642 5794
3744 2488
4943 537
6311 576
2965 5793
9672 8570
4674 8917
53 7008
1123 2340
6599 8356
7772 8797
229 4085
353 4390
9848 5212
789 7124
7253 8809
8292 5659
7867 9922
6666 1847
1847 2147
4101 6623
4728 5202
3101 710
2396 2087
2741 2716
3573 3694
2275 1994
656 3572
5324 5411
1295 8499
6354 8904
3367 1401
1300 3547
2257 732
4797 6722
4835 288
9731 3004
8804 4440
3283 2733
6809 5544
8157 6639
494 2802
1676 622
1753 6083
3106 7949
376 9824
463 7720
7229 1484
3960 1842
5320 3319
1120 8925
9026 7710
2148 2151
7370 5293
4210 9757
4763 6257
4535 41
8654 2355
8954 8092
8148 2803
681 937
1562 7311
4568 9210
8548 2849
8215 1862
875 9959
5432 9674
4703 1947
2039 6726
8761 5748
2966 230
4699 4789
2070 6654
3624 152
5417 3555
628 2783
6744 3767
8475 2146
7149 4238
3005 3710
90 866
5304 384
6001 5818
4957 8090
5257 7148
7840 6634
778 6110
570 8157
1340 3394
3280 7759
9944 7476
6301 7610
1645 2464
1330 1832
9930 638
826 8375
5685 221
8709 842
5818 8685
2139 3082
1850 3978
9358 3069
5884 1955
2162 6343
125 7954
4895 4261
7775 4024
2210 4801
8838 6584
4959 7323
309 3369
3417 7192
4881 1887
3979 6834
2786 546
6378 3026
3186 7253
78 6757
3339 2597
1225 8570
3557 7215
7801 4230
9097 1662
5447 2124
2214 8267
7114 7421
2650 8196
5094 1925
9163 5528
8348 1031
4770 8314
1989 4680
530 1798
480 210
7803 5764
5423 6609
8569 3859
2409 5898
1491 8330
1903 1294
1637 2398
8594 2648
6629 248
5018 6767
1642 5294
7043 5542
1182 7907
8950 392
1538 6769
4811 4395
8126 3601
466 1455
8198 6494
441 6097
3248 5510
2915 3022
5955 8905
9029 7028
9148 5236
1793 3501
780 7088
6426 4681
2793 6518
8121 8134
8638 2580
4408 4519
7415 1046
3925 5017
5244 1099
9865 3688
783 1671
5110 8660
5956 9746
9893 6185
5125 8887
3637 5686
7586 7188
2893 5235
9035 3491
1700 677
9851 7829
7518 7228
5131 9789
1890 6835
1999 6940
2237 6706
9081 1594
7079 3825
1078 6484
7764 4311
9788 3939
8409 3886
1895 5295
9524 6274
236 5190
9963 6441
4044 8922
1565 3510
7064 6564
7421 5403
5970 7278
3705 6951
5111 5345
7579 6612
9723 6059
6093 2809
8839 9414
4425 2492
9144 4773
1323 9529
2585 5672
4141 1997
4044 3020
8819 3698
2547 5940
6321 1281
1395 4374
5175 5867
4199 7933
203 6462
3910 9766
403 5510
249 2392
8897 6612
6415 8485
6584 7298
557 4285
1208 4145
7810 8023
9874 7478
4587 6755
6156 4431
2254 9604
7624 4193
9334 5894
7816 3648
7844 9707
2364 2306
657 8980
3233 5213
2365 4087
2691 3846
5272 9490
9262 3544
6406 1832
473 6206
7042 747
9472 9847
7118 4534
247 913
5927 2624
6210 1178
554 5353
6336 5536
5623 1474
588 7301
435 318
9215 657
4914 2426
8626 3237
1676 7052
6617 3046
1067 1444
9541 6906
3687 9012
7885 9108
4461 8406
5499 7789
1554 9537
4388 8368
1607 6006
8921 5561
5770 5929
234 8382
8054 7601
6566 9446
1994 9917
6956 7249
317 5836
6572 2089
5520 3284
7101 4824
640 6420
2633 8611
761 7577
6795 8164
6409 8771
2682 6412
9553 2098
6545 8257
530 9059
3131 6223
3327 7696
9298 4374
3112 4586
7153 1300
6354 6295
3183 2211
6649 8043
6822 9504
6478 2762
7989 6392
3689 9727
6634 1310
291 7148
252 736
1601 2148
7491 466
3962 964
7541 9710
1627 4370
1694 4927
2701 1498
9411 721
423 5696
7598 776
1777 8730
8750 6350
1518 605
416 3643
7094 3160
2209 7139
5723 9359
9017 7486
5822 5723
7687 6736
2375 5415
7677 2651
9216 7467
1239 9705
2576 5818
2449 1623
4928 9956
6297 2889
9246 2434
1647 1063
902 7189
7224 2451
9088 7960
7408 7189
436 7618
2378 6740
3306 3971
1463 4008
1939 450
6350 3613
482 8904
2273 2447
7714 6749
5429 8436
3710 5552
3939 2200
2931 7977
5257 3332
9142 3501
6301 3391
451 9876
8949 5663
4881 9710
2074 9479
4234 2594
6549 4970
9252 9199
2422 7756
579 3678
355 4435
5191 3003
3221 9353
2077 9492
5438 4905
7142 7954
8729 6222
954 9158
8747 4400
9893 7070
5454 5827
8974 7531
1126 182
9744 1223
7595 610
6103 1405
1351 6450
3024 3037
7941 4205
9877 9373
4829 5438
6706 7681
7640 3556
263 6337
4849 7477
94 7544
4146 427
6573 9671
5750 2818
5038 6254
1982 8634
8682 337
9203 588
6805 9229
4422 8599
9343 4533
6699 1570
5583 178
1922 5160
1474 8014
7885 8758
6305 6671
2460 6363
1850 4823
6918 5219
9110 3100
6477 3450
9793 4779
1509 1458
5824 4531
4548 8734
7858 3861
1070 3760
5189 795
4487 2104
9437 4267
6183 2576
4310 9508
5084 6941
9003 6891
4276 7941
1473 6379
9598 7742
4530 3013
7044 16
5393 5528
2290 6899
6787 9381
323 6691
3794 7464
8848 919
4749 328
6524 1442
6230 3218
7037 2205
9721 6190
3589 4052
3031 8691
6674 6755
6517 2291
6054 4316
3357 6129
2695 1039
5295 3533
2060 8697
8171 9399
349 6719
7634 2521
7276 7839
4434 4929
5714 9642
5998 6889
7240 2339
3383 1044
5179 5239
463 6943
7685 9956
473 6037
4179 9970
6247 7088
2904 4375
4797 8993
2105 7971
8868 8381
1057 8188
5070 7610
5155 1359
2782 3213
2352 6707
4469 5255
7573 3132
473 5828
5516 4989
8519 4184
4776 722
9249 6758
2040 6465
6285 709
1404 4164
548 5103
6678 1979
2287 452
9594 918
7564 8431
5734 8090
390 5598
5523 3019
8021 5353
8852 4550
1215 197
1485 4165
2351 1720
9498 6865
2853 5858
7037 6510
9359 6840
802 7287
6990 377
1931 1734
7296 8660
1748 5984
965 2397
1742 6927
4370 1246
4470 5928
8231 4073
9621 9983
4258 1753
374 8382
956 1961
1005 8807
5620 1833
870 5131
5198 853
7468 8821
6461 5496
1966 9508
7594 432
8607 3367
6530 7850
6276 1990
5871 904
9156 8986
1340 6514
996 9420
7345 5625
5267 2758
9282 5759
8385 3619
6059 3562
6832 2800
9840 4240
2235 5254
5110 1134
704 117
2784 3503
6043 6580
390 7035
7578 4990
7387 5613
8359 1299
4168 9577
1461 7736
3002 8782
876 4091
5556 7526
1645 701
7779 1519
2185 6819
5838 572
2275 7492
2879 1644
482 1028
4191 4343
7393 4695
2292 1609
3745 2373
2362 9537
9385 536
530 5641
1897 7232
5614 7482
4028 9737
6204 9659
4855 8619
1550 5509
7567 744
9777 4305
3576 4679
4579 2246
2527 3293
2596 9484
265 3743
4927 3848
1035 5921
161 7184
9249 4534
3483 1968
7200 5771
2873 7196
6591 163
4430 1242
2074 2722
9202 7824
2799 9053
986 1919
9348 2692
3325 8478
6296 3097
514 3796
5179 3144
5653 9032
3438 2068
9531 275
828 9114
1706 7150
5718 2801
1227 2932
6858 83
7867 9851
5688 9549
2637 6286
4079 6280
8533 6845
3195 3650
1034 9420
9202 39
3373 1996
1209 1742
9885 2010
1728 2479
830 8568
1822 453
4398 5446
8104 5963
4880 5478
7040 4787
9291 4886
2425 4870
136 6623
5968 8739
5646 1019
4568 9037
4657 3450
9401 2928
7485 5059
689 3453
8228 4444
505 2496
8958 9385
7005 2289
8079 9249
7541 3094
2844 2340
6528 8944
1582 6171
9329 7429
5611 1508
3095 2460
5691 6388
2369 4272
5108 8178
8825 6509
268 1814
8098 2218
7195 7250
315 5476
7993 6210
4109 1672
4872 1026
5116 4277
5977 5816
587 8578
7427 2612
7471 206
9757 6964
3004 452
9028 1936
6894 155
6342 3518
3140 7505
6592 5945
9033 8450
6688 9573
3188 9368
7398 9569
6041 2710
8235 1480
2759 1146
8346 8691
1414 3962
7025 7794
7802 2306
7002 4138
8071 4323
2551 3448
9213 1430
6673 6527
4361 5442
9660 748
2961 4625
6928 2923
7365 5678
2739 9285
3408 6509
7874 9980
4656 4742
3908 4450
2121 8991
9195 8132
5240 713
9319 649
3563 9276
4601 8213
3625 1122
5527 1132
265 1948
1411 1690
5235 2680
6784 2058
4065 1402
8727 7519
7236 5197
1554 389
4912 3554
7809 5280
6208 984
4231 7309
4421 2933
6064 9895
4868 2832
9996 4007
3828 6771
8575 5645
7482 4124
4969 8239
7522 6842
1831 3967
9063 1824
9239 8559
6025 2298
2697 8964
2129 4197
1246 7825
7843 209
450 8923
3395 1366
9923 2610
4558 6880
6806 1527
3213 1561
989 9653
6195 7570
3000 8498
8267 1390
4302 5253
7221 6754
2216 8406
9829 3639
329 9252
6772 5312
2363 4062
5035 3298
291 3941
2389 7156
7065 1882
4364 1439
657 843
2069 308
8724 7952
8302 3615
3789 5130
6351 7817
5088 117
4355 745
2665 4788
5702 7829
5087 3776
9607 2538
5661 462
9281 5691
5089 7887
4441 1658
4319 4142
3807 6694
6830 1077
286 9196
189 6717
7751 1247
6050 5556
5700 4426
1891 3530
240 8585
3788 9062
9188 3930
313 9941
4732 6649
8406 6381
9326 2302
3406 3095
8238 5575
7066 2423
4438 4607
3074 213
8374 6899
3160 9096
3341 1268
828 9490
9111 1784
8184 6131
6102 230
5507 8655
465 7896
577 3053
6983 4491
8762 5075
3418 4799
8630 6520
492 9811
5429 1848
7072 6461
2191 7607
7547 7619
6777 5320
2057 6018
3717 1241
9710 7357
5399 1005
8646 2847
4724 832
9594 7632
2911 8293
1958 4320
9539 7381
2980 8946
6622 2578
1658 6341
7830 5475
1141 2423
8406 186
6358 4900
4466 5761
4854 5371
5610 6819
523 9657
4120 8613
60 5139
4714 6340
6352 5103
7366 8905
4303 5306
6540 6987
601 4343
1410 2290
6231 9710
3328 3986
6211 3730
7436 6529
1855 5494
5966 4763
5697 6756
7963 8624
3627 7939
9213 772
1627 2516
1542 6673
3755 5884
5540 6523
7053 198
6028 7758
2483 8650
5551 1970
1700 1169
9477 2778
1174 5358
9850 6860
5148 7669
5113 3036
4768 1148
6494 8231
7952 1674
2544 1565
1657 7162
9997 4572
1989 2208
4234 9774
8805 2678
9857 2596
1099 944
9755 8792
6153 9132
9905 4335
5266 524
5344 6057
9713 4780
2714 4704
1696 470
9872 8545
3327 6912
5742 2245
953 2958
9546 5057
6977 9104
9029 1227
8453 9857
9471 2137
1687 8612
4298 3071
9491 185
2040 3640
4051 1253
5925 4591
725 3017
36 9056
1872 4538
2459 5175
7561 2567
8525 6122
6789 9812
1937 1004
2217 6474
7294 2558
1129 9069
788 3690
9673 1298
7567 1546
7145 9753
4423 9185
2926 6592
396 263
2488 9082
7323 53
2557 1169
920 7368
309 1781
6124 7113
8783 7674
6618 6790
1498 9046
3259 8852
5189 5778
6854 5120
5615 4882
4372 9544
3692 5179
3866 8788
3978 9504
8243 4835
1713 1570
6367 2717
2165 7277
3587 9675
6585 101
3760 3300
1924 3994
4269 8005
1821 7788
2417 8878
3863 9640
6950 9529
7952 8160
8448 4456
6047 2290
3488 1167
5845 9018
7609 6639
9135 8700
6504 3820
9071 6437
8749 2332
5350 507
8751 1646
7004 6283
2130 4158
3939 6456
218 1121
7210 5120
1805 5585
6198 6523
5593 8678
6893 7774
9638 2494
1174 7102
2682 6394
9840 7875
1705 9566
9458 6818
9427 1546
2627 5213
8396 1672
8030 2884
2634 3905
9501 8714
8170 8021
5330 876
2524 333
8397 96
9727 9841
8838 4733
8453 571
5970 6520
1776 5190
8643 6941
2145 454
3256 9310
3236 2710
6278 4767
923 2255
2534 472
9619 3411
713 284
7338 8307
3800 3121
2194 7598
3973 1979
6791 5677
3256 2977
8449 4546
6483 5393
1748 8688
9599 8062
2873 3717
2407 8979
2370 8854
7433 1129
4961 7186
4178 5062
2898 6145
3137 4643
4860 3601
5695 1823
4609 623
3238 7485
1382 964
6388 9367
6057 701
6532 5774
554 5946
9070 3698
5879 3242
5041 5664
2655 8036
8004 7765
4679 7443
2495 1658
9091 2350
9320 9370
9945 7677
6554 7913
6356 7838
1870 9641
9703 7566
6011 7316
8834 2061
1605 6160
8779 5880
4859 2244
6820 5862
5907 9828
738 998
3649 6871
9883 517
6603 3408
7658 1748
9209 9783
7568 2954
7894 3183
7118 7603
6323 9273
5478 8648
5949 2547
3527 3421
7308 5870
1888 7040
744 5342
8360 8756
5104 6526
9680 9926
8542 185
3692 5767
3255 3464
676 9245
5751 4870
4975 1954
9481 8967
8327 7021
9922 6892
6933 4636
5977 9116
4424 3742
3789 9643
5070 3429
4977 2329
6569 3964
2626 6852
1401 7883
4159 8813
8897 3788
7570 9066
3516 8855
2370 9276
3955 7270
927 2291
6450 4877
4890 4858
4357 8017
1805 3349
2321 4086
4176 6532
1295 2509
595 9613
1552 5805
595 6154
5405 731
9993 7538
6989 4635
5257 8698
4530 6463
9795 8881
9543 4898
5773 4209
2652 9762
724 5122
7641 6213
4648 4882
1487 2880
5773 8106
3372 664
454 6270
5169 7900
8130 5161
8102 2841
4680 9627
476 1257
2470 2609
7000 4829
6308 6324
9525 3358
2167 1968
4576 2882
352 5437
6812 4499
9706 6490
9202 6114
7888 752
7686 7113
9113 8108
7657 6006
4215 9121
3058 2941
9148 5107
2577 1999
9883 5401
563 702
8787 9131
980 2501
3124 4545
6768 1590
1556 4723
7604 677
7269 204
4543 9850
2751 4414
457 2523
5505 6850
4680 9984
330 2562
4234 6942
4424 2843
6804 9033
3073 5667
5496 685
1110 4232
7090 8459
5001 4516
7993 8304
5267 2502
3733 8366
8647 324
5039 5018
8861 2995
5432 1856
2293 9456
6351 9851
6279 4135
9551 5690
2175 3942
4584 5754
9656 1221
5519 117
8822 7903
2075 649
560 2071
8709 9546
3376 4065
1360 1611
3613 8085
3799 7164
3030 4125
9849 3957
6139 4544
8280 7924
8147 3033
2537 2190
4011 3574
2216 106
1335 8110
1887 7575
8419 1739
101 3528
16 2079
3211 2370
6392 6748
3108 1059
9684 4494
7866 7416
2806 839
2242 1460
7215 1170
3951 7636
3658 3489
798 0
7667 8228
5410 1719
5545 7831
3971 4953
51 5441
1076 1
7382 4691
4845 7343
5337 6145
7228 601
6027 5476
8080 978
4885 1794
4993 9085
6779 8802
7846 2951
3460 6037
8613 3024
1511 7373
9326 504
1438 5881
9272 6771
3012 7539
8775 5810
1189 8584
5347 1091
1570 1513
6682 2256
4920 9882
2941 2066
3391 3013
4345 9574
5615 9459
349 8242
5637 3923
6792 9539
3200 6681
6114 6380
7638 7765
6968 8845
9206 8774
6557 5307
9606 2858
5177 2635
9405 410
3834 226
5323 6558
2647 2332
7253 7159
8015 6011
5294 1985
7524 3874
101 9218
5425 4980
9361 591
5103 3384
7151 6752
1747 1631
2611 2068
49 1004
2504 4720
5514 1583
4124 4413
9271 145
1566 4795
8119 4116
1663 1508
6653 4705
5433 5987
549 3609
6466 1535
3270 5205
8056 7205
7759 3065
9799 9638
2172 7080
6437 3703
2912 9968
2380 1751
7271 5396
4422 1822
3370 3801
68 9903
6913 3466
3226 1160
6376 9456
6584 4769
7753 7789
4554 7145
8485 2009
7818 6043
4827 6033
402 5492
4726 1397
4704 4797
777 2494
3852 1445
1575 4378
3402 687
7536 4535
2828 2043
4764 3284
6734 2003
4979 3088
9345 2079
3552 2244
6192 454
9066 3558
1201 7373
723 1099
883 9390
3412 6343
9457 7468
4836 7665
7856 6870
5991 4659
8249 3308
6827 5688
899 5697
5875 4900
1886 7162
335 9362
3280 6982
9897 7848
2786 9622
8959 4810
2457 5115
9675 8953
1415 8206
4222 5663
4744 1817
843 2844
1948 9520
8789 7425
4526 8772
4891 143
8235 3009
4739 8570
6039 3509
1103 9937
4710 7995
7555 8640
9595 6548
3031 4393
3681 1434
8130 3316
8961 3915
3228 5997
262 7718
3535 3647
9644 4118
8239 9157
8492 234
3817 781
6208 4602
5606 1397
9835 9087
6738 4606
4589 662
3124 8307
4965 2993
2242 1480
6218 207
7143 9784
6240 1067
1653 4751
364 5489
9315 5735
6806 7632
1326 4977
6887 1246
3897 7693
3896 9932
4543 8873
1381 7721
4353 8782
9090 1520
9100 2451
8892 4720
3995 6953
2475 5007
6314 985
5507 250
5805 5358
4161 9998
9544 465
7676 8468
5000 8328
5561 8394
932 9635
7058 2266
7298 8728
2938 8945
6644 2256
155 2037
6407 3161
665 3168
9092 6353
7247 5764
4187 2069
239 6372
7808 5738
5554 7983
715 6742
1811 3894
1714 5181
4048 5411
8977 8938
5421 3053
2444 950
5914 8026
6314 4110
3836 4394
3094 5341
7600 2642
1272 3772
5940 5856
4231 7715
2981 9237
8698 4648
876 8189
3951 3265
5129 4929
6430 3322
7344 9666
3098 1540
7260 801
4724 9104
4861 710
2629 2912
1472 880
156 5387
5100 5139
5715 6357
9966 9013
6450 2442
1052 4861
1535 7499
1437 5041
7226 1012
5208 5467
5869 2953
4987 6879
2589 3115
778 1681
4796 1140
4672 323
641 5452
8378 3400
2282 8787
2242 405
521 2640
9957 1889
5142 749
3426 9851
2915 5397
6888 6444
1833 8088
5325 8746
8886 3394
3218 3098
5584 3455
6953 7852
6138 8211
8674 3382
9084 6485
3183 2432
4952 4008
640 1098
2497 3920
735 5173
7942 4092
1603 7117
1652 2935
8165 5115
2948 885
3660 7546
7817 6878
7444 1407
1020 8877
7870 3573
3237 5960
480 5112
9085 9735
7218 4850
9080 2739
5895 2300
4862 3702
4476 3741
5643 3935
7608 3807
839 9544
5185 2112
9187 7330
3600 2225
8407 382
7456 3161
956 3697
6465 4740
7669 6356
9718 9241
4058 4564
7835 2236
8775 3480
6883 7536
5626 4771
8665 1982
8295 3073
4425 7203
9777 5010
7118 6867
7385 8939
5771 5920
597 653
9184 1062
1646 3212
1573 2115
2051 6680
4929 7539
706 8887
3605 9614
1750 4112
1736 2451
6508 27
2101 1394
7989 7651
6418 8113
785 2462
7624 4223
1075 820
3703 4911
5054 1844
8158 3023
392 850
8939 2617
1112 8039
5850 2221
7009 8909
5459 4755
7736 2294
4083 8289
3546 213
4809 2103
7424 5998
4559 872
4209 3520
4834 4021
8731 725
6089 8356
6036 7734
9710 4415
3911 4544
2536 7211
1441 5011
2860 482
2505 7775
1942 658
9015 372
1640 1637
5152 6675
2496 629
7210 6914
1834 4998
4316 4668
7081 2145
9725 9955
6013 6722
1913 397
7660 8063
4729 1264
1550 7366
1076 1359
1445 7708
8643 2406
4710 8260
6181 1820
812 4532
8963 2282
3892 7948
6461 9489
3982 9304
9395 6395
92 4803
6590 1975
9386 4472
9188 1647
5286 9318
2189 2590
4620 1793
3559 9752
2189 2745
3078 1744
544 3744
1319 609
3105 3461
7165 3800
2061 9105
8343 2991
5820 770
3073 2055
2212 4076
1522 5199
4314 5056
9458 5610
1492 6898
2253 1276
9226 904
2831 1322
5457 9728
8028 7331
4284 9072
2835 7936
4236 1605
50 1063
4148 3176
9276 112
3264 3567
6397 7631
1702 131
8389 5008
8269 7111
8505 6774
7255 8496
4238 3911
8804 2356
3299 4597
2946 5398
6501 8293
2766 6564
7451 4331
7624 755
6185 5531
9099 8167
3024 4359
6219 3490
253 9309
2213 7066
4509 1499
8770 3807
5384 4811
1601 2649
8852 5622
8964 5206
8064 5943
8643 8158
2683 6998
4302 5883
2748 3231
603 9920
4442 2471
1115 3302
9516 4576
8987 4431
9167 2631
6434 346
3505 9472
1673 4451
9833 6303
1472 1563
5244 1499
6405 8286
8123 1096
9403 3746
6785 1375
3045 1994
2631 5987
3699 9498
2317 4437
9164 7855
4615 2525
4284 4669
778 3104
1427 379
3374 2046
4792 8192
3889 5989
4042 6478
1229 5516
6916 7103
2275 2753
6837 2111
8823 723
8910 2592
6531 8085
9077 3786
5520 3859
5261 6105
1230 1188
9357 2287
9645 951
1823 8367
794 5254
8376 3781
6623 1718
8072 7866
7551 9702
3193 9773
1482 3917
7015 841
1509 7142
7397 2116
4826 7692
4504 9127
2616 8557
2769 8124
7991 1562
7181 2765
6820 5717
5004 9993
1247 2586
9969 7482
6195 7299
8455 6311
3834 1081
9504 7624
7213 8842
1503 3939
7372 6055
4245 4800
3278 519
6967 1685
4569 8144
2114 8590
6136 6707
7536 1222
3125 2384
711 7052
7121 9405
6803 8472
6932 6699
569 5376
9134 9899
2382 2131
8963 6624
1078 8045
352 2076
5751 2723
5583 9663
8302 9692
727 5887
5952 4809
7800 7341
593 2388
902 5039
8564 8918
7691 4088
6080 808
3469 4715
6446 108
9116 1921
3061 5297
2471 7730
1948 2947
1532 4467
4542 9446
5038 8259
608 4368
945 6406
7755 3153
8400 6022
6053 7205
3876 4608
8889 3530
4232 7425
3570 853
7314 3696
2528 3700
1606 8606
9203 175
5472 28
6135 6167
7114 2839
2955 4666
252 1851
3391 318
6081 1578
3645 5594
2792 5505
1769 196
3716 6843
5514 3524
7773 2394
2563 7095
4973 1728
5698 2723
8528 1733
4553 1951
6555 7098
5781 237
9647 2294
4416 2376
1525 9425
3255 3276
8555 1620
4063 1342
9750 1714
1377 911
6570 9817
7742 5742
3358 1935
4136 1541
5258 790
180 5710
9828 8626
9625 9879
2949 5634
765 9835
9157 5718
6579 7750
352 4236
4530 5360
9678 5286
2432 9474
3837 2958
7839 435
5541 8372
5887 4608
7049 2458
9200 2479
9459 7173
165 226
2416 5388
4760 455
7607 1741
5152 7518
4173 5026
5007 4892
2427 2049
4519 5838
2816 6373
6443 3148
3634 393
2161 8587
9079 2757
563 7531
4113 5437
8134 1341
7940 4090
1760 2705
1016 9675
8577 6056
5836 7931
1281 7481
5076 4598
5375 6612
5068 5685
7616 8728
8613 7720
3588 1263
3865 5254
7888 469
9047 6357
1207 1590
9050 3641
8685 4314
3797 8731
731 359
9247 3439
987 4935
8477 8227
8735 9919
8366 8659
4421 4412
2792 4415
262 2500
6164 1479
356 5669
8677 4372
1845 4338
8098 4407
2158 3323
8185 4783
4540 2006
2650 4748
3675 3899
8545 8925
3733 6326
2671 3755
823 9080
1758 9320
4454 9702
5073 2649
9708 4250
9015 919
3100 2910
8250 9162
8701 2704
951 5613
7613 7219
5975 5389
1274 7080
4551 7285
5388 2324
406 5800
8875 6432
9113 2488
8047 7660
9803 8311
5265 3725
3288 1648
7486 6918
4350 1554
2514 2005
4634 3390
3203 4105
9464 8701
394 9758
5109 2560
4681 5668
3882 2630
5196 8775
3079 7457
2362 7932
5511 7881
8665 9467
1839 2536
6141 409
1817 6390
2260 7959
8605 7173
9644 3920
8668 6571
4102 1060
5429 5096
8458 7304
4167 6013
7354 1972
7734 9126
7762 5947
3764 827
2147 1801
8860 7060
127 3655
2503 6935
3328 1477
9583 4896
124 8276
8169 5182
5982 9063
5249 1272
7857 4172
7023 2915
5867 8737
5947 3422
1937 4837
8231 5307
8484 5978
499 5038
228 4851
5017 7267
9880 7635
7021 9774
1768 1181
6549 317
7355 3465
6501 4849
9644 2933
2545 3700
6730 546
1385 6470
3338 4756
714 452
8875 806
2857 5754
417 3131
1216 3017
7962 6889
7513 6083
8833 1749
3949 3812
4439 5603
6958 1490
24 6541
5306 8535
1087 985
5303 869
3103 7148
3355 379
4660 4595
7968 566
104 5858
6268 9969
7713 3056
2870 2993
751 9167
5768 6216
470 2898
1365 2348
3140 3629
1566 5003
9687 9054
8126 6945
6528 5769
6680 2131
8421 8766
9338 3594
7984 4647
4998 4962
3381 8215
7247 3725
563 4101
1795 4486
7529 6636
8727 4983
8061 4632
484 1632
7169 9870
1413 2596
2670 5208
5657 2728
5043 7396
7838 3304
554 7469
3186 6636
669 49
4399 9953
967 8667
938 6289
9776 8516
4545 3589
8361 4898
2767 2881
535 7083
9084 5771
6407 1430
625 2148
2406 524
3780 1779
5666 2732
1238 6548
4075 7392
6037 6767
7134 8942
3920 5274
9356 1344
7733 2392
3804 5985
5185 4379
8681 5058
1186 4995
3995 1634
444 6935
8465 4515
2309 9259
5878 8048
297 5293
8438 9213
8161 2571
4473 2550
4444 5094
3749 4913
969 5049
4065 612
3741 8719
8453 5295
5287 7469
327 325
9223 7922
4388 5556
5291 3869
7005 4888
468 8837
176 7153
8621 3183
2062 2936
9238 636
7437 404
7502 4064
9227 5239
993 9861
7008 1646
6763 8591
802 9392
3210 5754
380 2011
7776 2854
4285 4686
9794 1798
659 8339
8058 5709
7340 5756
3208 610
4707 6338
7412 8308
3092 4342
5433 8191
1773 312
3486 7140
6735 9816
6428 2079
1286 9077
9936 5752
2240 2088
6552 3133
4112 8153
6722 5722
7150 9855
1979 455
1671 6807
2495 5712
316 3294
2306 4985
2751 6231
192 4989
2942 9124
8897 4898
1109 523
3238 8122
5732 9802
7005 8909
9903 6100
9658 6257
6154 1874
4681 432
9395 9545
5299 1927
1503 7342
6348 7509
8518 7615
5190 8747
5039 1098
8390 8876
7031 4769
1746 539
9328 3898
1617 6494
6108 4432
5658 649
589 7522
1378 2712
5882 6840
8923 4792
963 6313
1222 2992
7223 2836
8664 2343
7150 522
7014 1920
847 7690
6445 1512
7969 9369
6589 941
9822 2933
5012 4940
272 5833
5621 834
2160 2311
870 4240
7525 8663
206 9849
6434 9121
5092 2714
6706 9525
5305 6806
8561 6130
627 2760
3333 4297
4729 1885
8768 1632
512 3339
8273 963
1620 3745
3884 5805
5654 6779
6939 9690
8747 4826
4660 3110
6397 4461
4850 2180
6852 3481
4634 707
2732 6276
6543 2417
9542 4735
2931 6638
6290 4058
543 6755
566 9964
167 3193
7242 8172
1608 2064
8524 5527
3750 6460
5686 1086
3130 251
9984 5551
837 8868
5057 7374
3108 332
9277 1090
8285 5883
597 2227
2026 5094
3258 4901
4603 3180
1428 7252
5545 4669
4916 6325
8942 9674
5918 4099
8551 4331
1941 9170
9650 2666
1487 9428
8702 904
8801 1586
778 2696
3056 936
5003 1621
20 6422
965 3846
5837 6318
5791 5741
1413 7415
8771 9412
6917 4442
2697 9795
665 6696
7485 8091
8894 181
2004 2595
9415 8941
638 5832
6599 9872
4583 4962
1052 2613
5602 303
1148 398
294 2459
6150 5602
3351 7561
8902 3145
9917 4297
5441 6445
8636 4804
9222 6642
4192 5353
9560 1503
7731 7251
6328 1150
7673 4164
5499 6938
8826 2458
794 2892
140 8948
2955 2313
6373 4477
4225 71
9394 5932
4498 4270
5764 1673
2912 7946
747 788
3406 5800
4780 4489
5187 2689
5974 1411
1681 951
8588 2984
9664 9168
6283 7194
9411 3094
8499 8285
8864 9539
5836 5016
3725 6449
7209 794
3686 4994
6395 7533
1002 3871
1046 3122
9552 1992
8544 1971
6089 8983
365 6915
3211 6334
96 1650
7814 4328
7662 5207
9623 6645
6811 4480
6696 2927
3922 8460
5643 1306
6770 3221
5455 3785
4764 541
8041 9891
5090 4486
2434 795
2463 9511
5764 9731
6846 1769
6438 7464
6879 1112
3926 662
5765 9405
5387 8998
9284 2826
2418 7210
3064 9779
7424 8541
2680 8233
7118 2733
1521 7024
1710 5677
3051 6404
9055 7102
6648 6741
1108 6032
686 5103
9036 5927
4380 4407
2389 2050
1606 4210
7268 9051
4568 1870
6329 5584
6504 874
2828 6870
7065 6264
6969 8010
2739 5846
9293 8690
4382 3254
1925 2756
9297 3721
3136 3846
9751 9362
8176 9085
3160 2122
4966 864
8275 9242
7581 1195
2364 4420
6600 5479
1442 4749
648 2518
3929 3905
2628 9912
965 4183
8130 6414
1374 7053
499 8295
3924 279
3610 8086
8204 4123
6562 9832
4039 3632
4014 8672
435 5376
4659 666
7855 4894
8559 8476
4149 6442
174 5587
8908 3248
3840 3234
510 2293
9260 6802
972 9814
7335 7167
5378 3079
5234 2253
2792 9939
8262 539
8038 8806
9897 783
8511 4749
1435 5824
6969 1624
8768 1159
6101 1020
2017 6888
3517 7204
8239 1079
4685 8197
3567 8762
8263 233
6015 5852
2897 2410
9133 5489
3451 4796
5497 2729
4192 2788
5842 8674
9974 8220
7823 2565
2306 5484
93 5789
8231 9593
9209 7269
6599 2122
5154 1731
6093 956
9393 4369
1045 4287
5239 9233
3379 8326
8465 4972
2472 7341
3624 2511
8528 7575
129 9427
806 2041
6570 4708
4204 6423
3149 6068
4922 4520
5122 5228
5197 8645
5965 6914
8552 4009
192 300
4063 4465
8240 2780
4525 1861
7476 7601
1678 7207
5357 8128
4426 733
4965 6051
731 6761
146 6927
8371 3129
2346 824
565 8996
8763 9101
6324 4215
2796 5692
2787 8361
8132 4523
9309 2066
1544 2801
8143 2049
8866 3022
1697 7828
490 4097
6789 3220
3394 9641
5044 2777
4281 4755
6968 1904
9660 8109
8925 5433
8272 995
1801 2906
584 553
499 5188
4494 8450
5939 7908
4136 3263
3066 32
4561 1654
401 8643
2434 2192
490 4553
6123 6432
9275 8851
3467 1246
5968 4416
2891 8135
7061 2530
2047 5953
3304 5957
8539 6095
1056 6182
1101 7156
7950 1449
1859 5213
3844 5428
5039 3001
3123 6135
5940 7509
2664 2672
3675 8524
6212 6442
989 9631
8957 5710
5538 9738
8569 9821
3977 2896
1712 244
7231 7112
885 5797
8908 814
8820 5806
8388 9188
5328 1423
6539 8309
8098 6133
3966 4067
4730 180
5014 9400
68 2332
4025 4477
5200 3922
3597 1852
7413 3091
7090 6711
580 3762
4342 2532
1696 8873
6838 5076
8439 1983
7437 2806
5220 2311
2553 4591
3523 6710
4097 3241
7947 1086
4103 7851
4505 244
7436 3310
9048 3281
9151 9858
2007 5077
4050 2092
3092 822
55 5606
4598 9098
4854 2511
6282 4641
3584 6604
6706 7808
1736 7756
2678 11
806 9804
9031 6750
6326 840
9407 5882
7467 4749
3376 5197
8053 9547
3776 7354
9428 82
3535 5115
5994 7343
900 7426
2033 64
8869 1402
864 3411
411 2064
2363 6496
5911 4113
3518 9986
5370 3103
4482 3935
2689 7393
2738 6504
6033 6020
5381 6203
5445 3650
7628 2081
7785 8566
904 5752
4512 2879
959 9708
4201 4046
7306 1631
3850 7592
8826 2511
9444 734
1983 4501
6317 5981
4901 4111
9600 3228
5403 7382
3611 1021
2075 190
1567 5608
2884 3411
4479 1727
4429 6548
4041 8617
502 6442
1354 7613
3494 5213
7058 9540
1249 7400
2657 9307
7501 6001
1351 4429
7441 5165
7543 6376
9344 919
8453 2099
6161 2041
8364 8387
2620 179
5591 654
1301 7730
8627 3044
1636 2128
7917 8796
3284 7528
6221 9964
5743 6604
687 5224
6022 3687
1618 5722
796 1183
6593 9902
7497 7570
6414 370
5302 213
9942 401
7040 8921
5309 795
3937 1625
5625 5548
4277 9398
6074 3132
9443 368
8557 1984
4735 1552
2508 3768
7851 2480
5729 6605
547 2183
1488 4378
5550 3696
6837 6575
8793 8873
4137 3666
2822 4465
779 9399
4240 9481
6501 541
8423 4082
8116 7783
4838 3658
9067 8470
6158 1615
3955 7174
7878 1572
9075 7111
7441 9649
7050 1801
4361 1460
6582 7790
1971 1287
3489 6588
4570 618
9783 2279
4977 8944
7573 2435
1739 2643
3066 2570
3111 2592
2427 5022
2918 6312
6037 1873
3838 7515
8590 5220
9189 8747
5736 1514
9797 9437
9398 625
8117 6638
7915 7478
1758 6108
7060 1751
902 1362
4334 5915
2284 7695
6256 978
3206 4177
4857 6225
7498 1362
5582 9946
9118 3583
4352 4078
1259 2622
4528 8013
677 5638
7856 5629
3673 4614
7039 8121
7262 1738
8319 4527
7880 3356
4727 6303
6028 3518
7620 9593
2643 4391
7392 8501
343 8945
5151 4364
1225 9965
6005 6947
8080 2100
3086 2345
3864 4841
6529 395
7283 3356
9846 4834
9762 3063
4939 1474
3596 6117
5977 5468
6714 307
31 4071
3215 6401
3478 3522
5440 2614
3397 1003
7487 9065
4298 319
7169 6494
4538 3074
6096 3034
9497 8713
3189 4832
3835 1015
4211 9201
2146 3907
5333 790
5689 815
2816 1659
591 3860
1554 344
1331 7234
6310 8690
4910 2265
8080 2125
2403 7237
7778 1208
2062 5723
7516 5438
3791 6523
4650 7151
4266 1043
1834 1177
183 4100
3338 1861
1803 5113
4709 696
9438 6588
7906 5497
7475 8569
3824 522
5292 1766
8767 3365
9052 9279
7933 4179
789 7684
7116 8301
8669 725
8451 9282
2696 5861
5241 5748
1256 4328
4197 2979
3848 9859
5108 1897
9861 8240
3557 8002
8528 4512
9241 5735
4265 9541
4650 456
2968 9206
5647 5151
4690 6435
4933 1548
3908 7991
7982 2641
9882 1160
9416 8508
6952 7954
2670 3988
5691 2429
4513 1764
2813 3252
4012 7949
7086 9888
4926 4763
3120 8251
5826 3185
7448 1803
5147 4019
4156 9270
1238 7280
7624 424
266 9249
5415 9413
4291 4082
2808 9173
5107 9263
608 361
5864 263
5644 383
3049 1933
4594 2183
6794 4529
5943 4979
9748 5880
5160 7888
2914 3575
4901 9117
5112 4444
6980 4007
334 9543
7482 9460
9831 1195
9067 6397
9513 4641
9405 5779
2591 6887
2715 2519
9129 8488
1956 878
9105 2282
2991 6127
6993 2922
7583 5430
2533 7928
2180 1026
4655 1098
4849 8005
6546 652
918 9676
2566 3232
4472 7800
1648 4853
5685 1691
7931 3899
8614 2990
2005 8966
5515 3278
8893 3073
2339 9732
1430 3455
5471 9796
4802 5124
5434 3012
4649 6349
9860 9645
1824 3597
8591 774
948 5988
156 954
9176 1176
120 2495
7963 154
891 8539
8321 4289
9387 6072
7350 6458
368 428
5753 3821
5513 9944
783 6394
9066 5662
5914 548
6535 4496
290 1799
3220 718
7487 4311
6055 7729
351 10
1952 7728
3730 5800
828 5350
960 4527
3839 3390
515 3473
6059 2747
2815 1326
7537 1631
2548 5645
7951 7684
1142 9345
6353 3491
5241 4462
5476 1323
4716 6369
6221 5047
9191 3715
7822 233
4562 6824
6044 5912
3214 7349
1984 3996
4659 4127
5181 1834
6830 6603
6540 1226
9526 3030
1051 7222
4194 9513
9047 1065
2619 9715
5499 1794
1311 3100
8051 7756
8425 3584
2872 4818
8167 2582
9252 9480
61 7712
6138 9310
9626 4927
5279 515
9291 1265
4682 6839
305 7596
5291 7647
1391 7513
7628 3455
3532 5586
6164 7871
5413 7951
8479 2479
8064 7660
6851 7309
234 4843
8542 6741
8576 4549
365 7768
1437 7501
9883 330
414 9672
7674 3194
9716 5713
5286 8312
5768 3163
9328 370
3026 3720
8333 6582
6867 9881
2872 8665
6793 5960
7209 4426
2930 8181
5349 8479
1015 4359
2730 6163
7728 9139
2948 4424
9634 3718
2695 3835
6630 1897
7981 8636
6356 6212
1716 809
3485 5998
469 2612
4284 5282
5406 590
3124 1351
4211 5860
628 7850
3966 2067
8221 9449
6414 5044
484 6768
7474 2319
8535 4007
2466 8085
715 5682
1530 966
9176 2310
1127 9420
8490 2796
3059 8026
9617 3685
9302 8633
2236 1361
3023 6108
3460 724
5207 5798
8408 5608
2920 7612
2677 4655
8586 2182
8879 8797
9775 8673
6466 6819
9265 1954
3871 5916
6179 4068
8134 712
8145 212
7365 1510
351 388
9 111
5838 3061
3718 300
6248 7257
8929 2613
2335 4481
4205 3498
3633 4960
5155 3348
5802 5697
7698 6641
2838 5481
2807 7297
1145 5491
1625 1916
6665 7033
4370 6078
921 1145
9277 8398
2206 9985
5470 2754
1449 4727
1020 1834
2527 6268
4410 1315
7485 6423
5535 8664
383 2334
9673 4295
1608 7069
5310 2909
3446 6216
9696 3745
7644 1790
8902 416
4939 9310
609 8239
2625 9215
8184 6388
1174 8565
1881 8663
3598 1194
1623 8195
2595 7636
6378 6192
5740 8243
9821 3992
7614 6287
9969 3170
5514 3276
9750 5973
8999 6498
1557 4135
6528 2580
3317 5917
8948 6739
6110 6218
606 7995
9237 8104
1518 9958
9240 818
1708 718
420 4820
7631 6479
5781 4903
5156 3710
4129 3105
4527 2381
2209 9682
4689 3709
3961 1749
4223 1505
5739 9574
6525 3328
3399 1004
4575 6223
6625 870
8116 4439
6375 4357
1431 6771
8528 1057
9881 4464
3117 1482
3484 1257
1661 1332
8904 1825
7319 7651
1271 6937
4162 570
2101 1139
4526 2425
9500 1868
8734 8636
3311 1078
6085 1573
2224 9544
3551 8591
9985 7330
6207 9067
3888 3344
1892 9222
6447 9106
7786 1280
9238 9030
4841 9467
182 2726
9295 6345
9302 2523
8932 6605
89 914
6448 8514
612 2770
9665 522
6096 3272
3332 8864
6837 8640
7465 8096
8263 6997
7652 2403
3029 7590
22 4773
7441 9450
9892 4852
7893 364
1316 3473
9525 3357
5170 7662
93 5645
5604 2005
4769 6698
8346 8001
4228 1101
7049 7028
1354 7189
7455 7221
7810 1770
3770 6357
1196 2958
2757 5778
9495 7044
4719 3503
9603 4680
2123 8439
8888 2589
2025 1581
9033 9584
2284 6373
3570 1048
6980 5575
1048 1121
6861 8255
50 3425
2485 7843
5375 4740
4063 415
3422 9791
158 7275
7528 6389
8968 4510
3080 8473
5830 8118
2733 4797
8932 9765
6869 5573
9168 4019
1215 6032
3476 8260
66 4946
9209 6328
1378 7135
3833 3638
4436 6649
4678 2016
6945 2251
6485 8305
114 3131
2873 3882
8594 9705
429 2987
4450 9139
1340 8133
6744 3080
4163 5790
7238 7677
7549 9825
1020 6239
2575 2711
1067 8329
7509 9573
5099 3274
4813 7045
7719 8884
2116 9580
3939 1245
6709 7636
8998 35
5377 8212
6987 7251
6156 6372
5980 5705
8821 9721
5347 2533
578 1758
5209 2101
5073 9582
6414 210
329 7944
4791 7217
9032 8154
8151 7112
503 199
8210 6989
3901 9651
7531 6569
3773 8377
6532 173
5960 8216
6655 2070
1613 5660
9533 8098
2929 2044
8122 4262
2728 1942
8030 5854
4695 5735
6866 7872
5764 269
6548 3173
4721 6245
5050 9676
1042 3428
3207 9970
2105 823
2914 8161
8744 9164
3279 6496
146 3793
6216 8741
8136 9240
956 5406
7850 7840
9148 2515
7871 5613
362 3044
1930 2205
4668 9818
8716 8006
5998 2270
8059 9723
5521 5505
5232 310
9040 7526
862 5043
4386 4843
907 9086
1776 5146
8991 3445
7073 306
2519 862
394 1184
1835 7453
8587 6324
1504 4971
2199 9734
2536 8919
5624 8084
3245 6106
9427 3128
4148 5101
8862 1282
3305 6122
1415 9350
8737 4626
2548 4678
9660 6526
1981 3399
1715 2024
4804 8386
5716 9525
8508 1547
6048 9442
9825 3474
8524 6396
9071 3941
446 3808
6690 4297
5133 616
2840 1085
318 2602
3416 8223
2927 3443
443 6123
9723 8456
61 3280
6666 6462
6432 7259
6157 1067
9305 5555
4701 1977
415 5825
4352 2650
8808 3234
5487 6889
142 4561
8138 2928
2034 6096
4458 708
7652 5752
9996 9064
6518 9461
4203 7228
28 8026
7372 5224
8921 1325
215 5198
1341 7335
951 8125
9481 4094
3929 81
6573 6833
2304 2635
8815 7896
3321 2543
7655 8149
5677 2181
8921 6367
3856 4053
4762 5763
1345 7378
5901 5234
2055 3264
8326 22
9639 2039
9866 2642
2171 6682
7948 9080
5177 533
4965 2074
7388 1481
2329 5928
5462 9921
1825 5522
8953 7264
2358 5299
6961 6447
9423 8545
5959 6807
9862 6158
7500 1250
4914 4555
7086 4148
6808 4452
9644 9216
3799 4925
2105 3350
3844 4802
150 3210
3896 7668
1144 1128
728 5251
2836 919
2966 32
3950 7597
7153 948
4360 4902
9635 9335
6095 5730
867 1850
2106 5452
4896 9058
4624 8474
3695 2079
5511 2415
8639 3197
8862 9339
1291 2667
4319 2062
5219 4369
4545 2655
3567 3573
4450 6326
4612 9101
6547 2745
7941 738
5894 6488
5407 24
6892 5838
840 5820
5462 471
3848 5313
3766 6966
8281 5805
8677 4079
3468 2790
9687 634
679 7951
463 8192
9398 5074
8860 9754
7121 9631
991 3002
3250 1147
2013 3237
3833 3312
5409 4527
1970 6004
7890 6532
8930 3494
9363 1650
4264 6634
7433 7627
6724 6815
4694 6040
5511 9967
9178 8411
2770 1513
6399 6676
7956 517
7974 7088
9524 5864
6879 8795
8415 9483
5475 7003
2900 6161
5597 8123
7686 2406
3943 4095
679 8794
5665 3199
3493 480
8012 1274
2031 9096
8563 6027
9650 1166
5869 5341
6427 7638
5051 9353
1416 4024
4207 8354
9895 2719
7229 3084
7226 3628
7052 2833
9653 529
1509 8200
3511 4377
4847 8930
1549 4134
8114 6916
3389 74
7294 3085
8737 584
4978 5657
8781 4055
5145 3429
9240 7649
5102 9666
8330 1022
9450 8067
3902 9089
2389 4528
7354 7220
2778 226
1468 1118
8387 2506
6854 4155
7855 765
1502 1832
8639 5667
5064 7798
5177 9147
957 3993
2372 2158
1168 3904
6327 9555
8548 9584
3904 333
3972 2351
1245 204
7180 3000
5393 8745
7863 6349
9465 4004
9433 9951
1816 6176
2146 1148
3486 6216
6263 7974
5425 4963
9142 5883
3079 3471
9763 4258
1216 6576
213 655
2578 6474
5105 2732
8582 664
9974 8934
7387 5564
6198 3916
4821 266
6336 172
4036 6927
4116 3430
300 2486
4333 284
1658 487
9715 1391
64 2953
175 7905
4126 938
2779 307
7340 4840
1839 9419
898 4946
6969 868
8484 5312
1165 5479
1496 1526
9214 739
4194 8641
3796 224
9067 804
1261 5901
7198 574
3067 440
4527 1454
6461 3205
6795 8001
6301 1034
8972 1531
162 7627
2423 3061
7905 219
7370 4060
7016 2158
4245 7130
4757 7138
374 4279
332 6599
5013 3829
9525 7369
9191 2085
3725 8531
321 973
2151 6853
321 2820
6428 45
4591 5032
5081 5405
9642 9921
5872 7230
5062 4960
4408 9125
6408 6852
606 2
6802 6963
5904 6979
7456 9946
7272 6146
5446 4321
7480 258
7218 4871
9351 9174
8986 576
1383 8553
3242 6445
4707 3776
8406 8863
9659 4162
8342 3426
9130 3717
8162 7287
3452 2215
3287 7347
63 6934
908 4134
9960 7065
8817 5649
7602 8945
9749 2114
4607 7764
9813 6423
3785 1880
7240 5088
982 9486
180 3955
3211 3359
3394 9303
8911 2264
4118 6975
8730 65
6857 8236
1416 5035
7680 212
485 8280
4094 9915
4427 8933
2069 1148
2646 6179
2166 4200
581 3495
2713 6055
9425 5120
6208 4288
1975 6184
4794 5526
3339 9711
4655 2312
5080 8036
6302 6194
9887 1740
5411 7847
7055 3699
131 3907
7371 5762
669 9195
9127 6085
1332 1827
4898 6726
3899 98
4233 4378
5802 9734
6382 3134
9127 5835
8627 5252
9732 5627
4029 194
1288 8491
4378 3252
59 5682
14 9764
9155 3876
3397 3809
1445 1242
1773 1513
806 8187
3146 1935
2713 930
404 7409
1143 6155
5158 2367
3212 8983
2581 7177
144 2814
3664 8929
1898 5896
5349 3025
6145 4433
3788 6812
8447 6553
4719 5395
1604 4534
7595 9367
2757 2245
7587 7959
3197 2859
1531 6325
9196 7924
4085 1289
2077 4583
2997 6615
65 1637
3463 9355
1543 8878
5609 2229
8780 8574
3716 5275
3719 5510
1276 7013
3144 3623
6610 4373
4699 8369
1050 3824
5417 95
2938 8869
4511 6198
4614 4705
1798 503
1276 1728
1859 9528
181 9471
4205 9054
457 948
5316 8495
9758 453
6153 624
7364 8966
6332 6925
6728 9480
9613 1458
1379 2144
5051 2535
8203 8124
9466 3671
4313 7314
2892 8165
2090 4342
4347 6643
9504 4640
1679 9444
8874 8241
8157 1950
1011 4647
967 6147
1513 4965
5323 2562
8532 8560
6454 4911
9788 7872
115 1282
7001 2879
1881 8769
2830 1438
5455 9895
8068 5444
2220 6573
6221 3167
9793 6426
4196 5039
2487 9016
4799 3015
2868 3233
8712 7251
4737 4336
2484 8464
5598 3441
9211 8068
342 8005
8501 5520
3518 5258
7411 6287
7242 9612
6251 2960
2686 2485
2077 1217
4249 461
3694 1016
8929 8207
9630 853
8205 7084
4146 3358
3509 4605
5687 9287
9147 4817
4589 8316
7104 9268
9739 8180
8778 6065
6120 4607
1764 3737
5217 9740
8758 312
4516 5679
4785 3202
4879 4066
5534 3494
9234 4045
5825 6731
7550 2979
4195 8133
2464 3986
2181 9561
3803 7128
9396 8634
2695 2484
1403 3890
6799 536
1979 2798
8479 2008
3446 1553
1170 2933
1506 583
2033 1345
3404 1637
2826 2829
1805 6922
1298 1309
5927 5633
5048 4611
2325 9696
7963 819
9167 1149
6378 443
2517 8738
9462 1387
8586 9033
7907 7865
5963 1692
7766 669
411 6156
2104 1066
6645 9389
7056 3530
2893 4333
1974 409
639 1628
9645 9256
6072 8033
8734 2437
2817 7131
7793 2189
1739 9821
8214 4742
7503 5851
7216 2146
2859 5997
3057 2345
9379 6648
8724 6015
5 7842
5141 3148
2587 1147
1672 9032
6567 7543
9742 3855
4048 6670
8119 3361
2174 8681
3194 3642
2561 7531
8498 81
5075 8523
1362 6332
5755 7728
8632 244
8735 1903
8726 6121
9254 4412
3136 6008
2793 2252
2748 4140
8694 3946
9211 8347
8178 5948
1076 7461
7076 8935
1702 893
6685 6743
5757 927
7017 3744
8285 2627
2300 2914
8687 9787
2416 4067
103 7067
8854 940
5446 5031
4068 7037
1553 389
5895 2616
3743 1290
3520 9943
3632 3946
8670 2823
8593 6088
6100 5933
4643 5598
3913 6419
6761 6404
9143 3722
3058 4633
672 2986
2806 9606
8695 4889
3792 6151
1954 8195
5656 1334
446 272
5459 7877
251 6281
6879 9068
6871 2137
1736 5125
7187 9765
8043 409
7470 4550
9425 7119
42 4940
5380 8080
468 948
520 875
6823 8907
464 7223
1029 4942
3755 3419
9857 3140
6202 2368
8121 1461
7159 7924
9190 1744
318 405
9657 54
2817 7888
3644 7975
5185 1417
5293 8709
6672 9013
3145 1508
7442 2393
6430 314
9593 7711
1348 3926
4774 7271
3054 5747
8001 7636
997 7424
6269 8446
8012 1259
5160 8697
4001 3093
6893 3722
4389 7925
9334 8170
5213 633
9562 6629
3433 4494
5242 2722
2399 822
2123 5491
6199 3188
8192 1069
9789 9492
3460 8161
3368 784
5693 1302
8629 3175
3898 6390
9507 6089
4406 9561
124 6057
1581 4024
269 4769
2637 6883
9117 2192
4101 3084
192 7654
7829 8059
652 2391
2336 9667
7363 2925
8770 6467
1226 7216
9225 725
1365 640
1511 2523
7447 9245
5575 7681
3595 2246
3849 2939
7788 7866
9314 8614
3799 8545
5471 1384
278 7692
2870 573
5735 8618
9437 9172
640 6680
9541 7312
4979 976
2471 6375
202 9837
1996 1564
8657 3652
8334 3297
3104 8448
2388 7891
9750 5476
2093 3871
5603 3505
5663 8530
7332 9381
5204 7469
1438 841
5974 8913
4495 3663
2366 2232
9763 2358
1339 5433
7982 3508
7889 9033
2653 3969
9916 5786
2475 1032
2687 5400
67 9478
7771 516
6678 4602
357 3035
9755 7979
429 7594
8063 389
2022 4336
2864 1342
6071 2113
7140 6601
9874 1854
3192 2569
9045 3892
6703 9660
7388 5307
5178 1423
9656 6994
3767 5361
5957 2798
3916 8475
7317 919
4739 2150
4559 4354
8304 5477
7910 2115
8683 4604
6266 8882
5623 2398
4387 1137
1057 7067
7852 2218
8731 437
3362 8741
2267 2697
4623 4938
1709 7445
7973 2852
9819 1463
6027 5627
199 3391
650 2882
3964 5921
2523 2325
4675 1241
5962 5510
9143 660
9503 7621
2395 5624
9447 2853
4922 3826
7016 7150
4846 1342
9969 3615
2987 6216
400 4906
4755 846
665 9763
9212 2641
6935 9169
1383 4607
8604 8295
1777 2906
8006 8175
1221 1763
985 1127
3832 8206
8290 199
9334 2819
9920 5877
980 5099
4286 42
3278 9859
6121 6375
5623 7004
9484 9211
8308 1085
8547 5429
1533 224
7813 6462
9758 3161
4396 2984
1849 756
7078 6985
8215 2201
2123 6353
7677 2738
936 7660
1748 1433
1215 5205
6229 2450
4682 8298
4192 231
9905 4249
1322 1065
8446 6084
1589 4213
4669 143
7151 2360
2278 4637
1485 7035
3256 8773
1945 510
9189 3700
5539 7154
171 6184
918 8314
3455 7546
5977 3123
4598 7213
7288 7975
4164 3382
4173 8464
5640 9711
1511 6569
9270 7398
5624 9411
1260 637
629 2809
9027 2891
6779 5696
1891 5755
5387 6347
4745 8107
9416 4061
3879 8079
1570 6131
6019 6684
6253 2146
2356 1713
455 1122
104 249
4531 412
6844 9269
4255 870
390 2884
3016 4633
4492 5645
224 3139
670 4703
2871 132
4868 2704
2173 2685
7954 8002
8688 2102
5689 6237
7056 722
5298 7191
8077 4217
3265 3832
5562 1025
8365 4789
7871 2066
4285 6307
588 665
8354 1713
6190 4514
4085 2996
8081 5727
8073 4764
6525 7321
3755 6655
5070 8723
5874 3235
1718 2185
6440 919
3988 9546
7606 744
8158 6450
7760 8730
3925 2807
9873 4539
6714 8150
9082 3774
4973 7786
6882 4230
1363 856
336 5888
7840 424
4250 6951
1758 4524
6521 63
4912 1164
3742 6604
6327 7616
6059 6456
5818 1525
6791 6394
6118 3482
7918 4862
9520 1358
6406 13
2153 7359
3257 5756
2610 8746
6058 4319
3853 5469
6130 8102
5050 7158
7331 1777
5593 7607
4999 2708
1765 7739
4560 580
5987 2463
2789 2815
1696 809
8998 9756
4661 8053
2466 3009
2218 9313
7321 4962
3916 5642
5075 7709
5068 724
3887 4140
5252 6705
5976 7033
4604 7688
5149 3842
3100 9582
5993 2946
6695 3531
7653 3236
6567 1446
5972 8185
5247 702
4449 6133
9192 3161
9173 8279
7782 2686
4435 8394
9271 5356
307 6425
4017 6736
3955 2142
4129 4879
2028 6020
7123 7294
7939 4912
4023 2522
4317 8245
5015 3120
5616 3279
6948 1364
293 8478
2555 453
9184 9537
6428 475
3401 330
9149 4818
7465 6014
4834 2860
2874 6566
1463 8582
5497 155
7282 113
6361 7545
9503 6169
1389 3992
302 433
721 3681
9007 8139
3164 5558
9485 3657
7125 8635
2969 8177
8769 9408
5383 787
5362 8420
2320 6642
9753 3874
665 1868
607 5070
5407 2676
4816 2477
6299 8791
8706 5166
9899 6345
2888 9415
660 3160
2500 6599
5907 6101
2829 4542
1686 2326
1014 5422
3731 2141
4648 1102
9289 6171
7288 1085
9280 7156
4683 8760
9371 6653
4423 3192
8374 9881
9462 9446
2286 3550
5667 8118
7990 1601
8077 5947
4601 138
2629 3142
6632 3356
3183 2454
5147 4502
8138 5506
7082 3073
8816 4150
6068 6439
5281 9976
2127 8936
6837 7707
9537 7681
9768 7715
7243 9150
7167 6232
5802 1140
9275 9341
9856 1883
5689 9080
8352 663
266 5754
8084 1271
7491 6651
4349 7109
2195 5186
3364 355
9924 9577
6421 3343
5498 2688
8945 4502
6318 9985
7908 473
8009 3574
8279 9272
9099 6073
8696 8318
4087 4382
3522 1834
3060 7509
82 3840
7900 4952
5422 9615
7303 2127
9504 2394
8094 6355
5113 1832
3124 447
5446 7411
3016 9755
2502 6226
8205 9434
7691 380
6945 6063
7259 7688
516 7123
7774 86
9346 6899
305 1714
5379 5302
9559 7242
5074 9827
6749 6640
1356 1429
2267 149
7411 4084
1998 8356
1106 1902
2319 5636
751 4424
5051 9755
7255 6008
1888 3204
4120 7907
4193 8989
9680 8666
424 1572
3006 9643
5113 2845
501 2735
6608 2396
7130 4807
7498 2083
6901 3180
7334 524
8065 2458
4867 8559
6922 591
2666 1451
1528 6473
1465 9243
5143 469
7446 6248
3231 7463
2843 4751
2336 2508
4521 2946
3674 4675
9336 8320
5113 5819
4499 2063
1708 4715
2521 6199
7117 4469
9346 1967
7909 524
638 4853
397 432
6377 1638
6622 5676
9524 9824
435 4367
1885 6786
446 9691
4039 3807
9495 3569
6479 4209
2352 1865
8352 8769
6388 4484
6713 910
8522 6039
4267 4786
999 1103
7767 3068
1201 5126
742 9473
7771 1913
8956 8879
8508 1805
4769 5599
8465 7502
3473 1616
1800 5274
6340 5883
7253 2580
8945 423
32 7627
8589 3650
2171 9850
4830 840
7134 6285
6946 3640
8053 2572
7432 5158
4309 4563
8602 4699
3407 8148
172 8804
4064 7401
3673 9240
3905 5081
1467 3264
9510 915
3305 6746
5831 3869
5821 6526
2133 6276
6999 4523
6232 7926
5289 3723
1813 7440
2084 761
1806 4470
997 8222
1288 6531
7065 9393
9471 4258
5937 5074
4692 7097
4477 4900
7531 3150
1159 7325
3210 6442
7338 2849
3429 3210
9250 6543
4457 876
9707 7315
5742 8125
8629 8397
6444 6392
5010 8924
8449 5640
3327 3399
7460 7497
61 4779
9970 5408
6929 7549
8178 432
6621 6663
388 7878
1894 7663
5093 5691
8563 706
5268 9128
7212 4690
886 4878
2462 432
1053 7141
878 4932
9762 1027
3350 8426
7322 7748
25 4988
5455 6963
953 9860
9531 4295
2208 2067
8732 1207
8303 9993
4023 7114
9743 1048
7707 9544
3026 6371
4255 5592
5914 8542
5947 1704
1213 2002
2328 7668
7769 235
5683 1092
3603 2740
481 1716
156 9070
6626 7314
729 6331
6335 5362
1528 927
7124 4967
2346 8484
9357 8722
8581 7236
2053 4619
3673 654
3941 1279
6382 7868
1825 1289
3679 4822
918 3190
5749 8217
3201 8247
9589 1276
1250 5599
610 5561
5350 1876
7772 3775
1808 4962
7385 235
817 3552
6120 7137
4612 5164
8773 3373
3947 5566
5849 97
4733 2619
702 2730
5663 442
1164 5136
1380 4472
7167 5839
1588 8429
1535 6439
7409 9714
2369 9526
3772 8658
9756 9231
4173 7332
4713 751
8141 1776
4186 1191
774 8212
811 7857
7197 6311
9081 6198
8313 7440
3303 2874
4018 530
7252 9989
3999 638
7315 3006
5050 663
5349 4566
5947 9795
6540 216
1946 2594
4554 507
6800 3956
7933 6102
5414 7025
838 2485
169 3570
6656 8628
4051 4069
4703 1150
6377 5045
3285 5434
2668 9741
9203 920
7119 3304
3955 1523
6372 5311
8218 5377
4502 77
9832 9030
9362 7986
3960 1224
3115 8199
1507 2880
4788 3256
1862 2098
2426 7094
5321 9217
5364 9352
5468 8019
7073 9735
6781 9301
3774 1921
5274 2253
8165 4224
1673 1554
1035 7322
1055 9774
9835 9934
6737 8827
2634 3746
487 2271
6500 1054
4184 5076
2457 1092
1094 9246
5601 1449
6302 7564
1251 8506
1452 9827
9805 7125
3712 768
3002 1475
5164 2843
2249 5999
9976 5935
8184 1156
8029 9110
367 8052
8064 3266
5329 9248
8599 7779
8469 4424
6130 6412
2084 6400
4149 3896
1781 5953
8835 2155
9519 5823
493 4907
4719 9108
4437 9579
3571 1854
3230 7715
7922 5114
8466 5708
1626 8404
8180 3312
1654 5430
4436 6184
5928 8821
33 310
8865 4836
4803 5158
4292 9544
1548 1455
8765 819
6307 1440
2646 1114
144 7858
6688 5763
7514 4868
276 9246
4561 9570
4473 3046
9255 3246
4234 9035
5849 7192
2148 7994
5269 3914
9615 5612
1621 977
2976 2922
6086 9201
8344 8738
7707 8608
3918 8654
9102 4688
3625 1686
8449 115
8225 7069
5520 2306
1163 7510
7260 134
4371 7206
8700 6326
9381 9789
9674 6661
6037 1260
4509 550
4639 7885
6869 9337
456 9026
4784 374
6005 4012
7932 9320
3517 3712
3701 628
8678 9532
7484 3770
1146 7319
823 7279
8703 4871
4871 5491
9790 2292
4956 4384
2574 8629
8235 1714
2277 7395
6496 9286
7408 3014
6418 9564
5805 1846
8956 7710
1589 9885
3044 2853
1145 6170
3189 498
966 7346
206 1082
6187 2839
8623 1043
2977 9086
715 5845
8579 8320
7571 1757
9011 56
6656 656
1044 8395
8498 3342
5287 9882
9657 3686
9213 9680
5334 7778
5076 1455
8115 7781
9785 1035
1661 4314
8916 4457
8246 3587
8601 2607
9139 6066
7309 2657
146 7712
9936 469
2388 2336
6741 9301
389 8894
1646 2252
7914 6048
2901 5905
6316 9449
3048 8713
6511 7853
9872 7296
8265 2419
720 8259
8381 7077
2556 7383
6404 8166
8468 684
9792 5397
545 3273
6666 7310
9137 5570
2051 2339
5117 6957
1904 6309
8980 3394
4861 4139
2307 3860
4850 4615
7666 9400
688 3933
2449 3535
3060 7419
7095 3889
8833 9477
4591 866
288 8119
9440 7973
3275 5532
1293 3629
662 3778
8994 8764
2424 4387
6951 3071
1649 326
6248 9698
1514 9666
106 3276
5965 8392
2809 3263
7256 6339
8774 3162
1225 8262
8607 3482
1015 3085
818 3997
374 2607
6767 3589
3597 4079
3032 1133
6100 8102
6038 8771
9256 8284
1368 3211
9005 6824
8286 8294
7898 1924
1459 3267
7605 9347
1158 1626
311 3673
9529 2581
4748 6277
7524 734
2299 8053
2503 881
3488 1385
6110 6784
6291 4286
3368 1209
1174 8063
2386 9392
5784 7964
8070 5202
9884 8519
1811 8539
221 9625
3316 9208
5963 7635
5454 5549
1630 4558
9646 5987
3460 1830
9064 7527
1759 5281
4195 5400
6320 8283
8539 8794
3450 9550
7161 243
9801 2957
8315 4710
2133 2818
8203 7640
8279 2671
8393 4982
9287 6797
920 3729
7694 7943
4682 7062
6888 8134
4690 5084
4952 9826
9252 1157
4863 9982
9779 427
8206 9385
6399 5819
5363 5029
4160 3941
1971 5995
6239 1494
7773 1251
8521 1425
148 9291
155 2395
7962 3397
9233 6554
9280 2328
2758 4420
1162 8590
2683 6703
6214 8023
3211 3711
5316 2074
4692 8725
5835 3390
8426 5680
9160 50
9023 3573
8687 3065
105 5339
7366 7204
3635 5038
4939 7219
3757 7795
9104 6529
3244 320
398 3449
6675 3358
8648 9864
5935 9707
5860 2735
637 9494
9874 3404
6232 8045
6809 6246
7973 2452
8976 3322
3539 7450
2742 7212
7259 2006
4771 6517
1096 3127
988 3475
47 7927
5890 1156
4199 677
2594 4273
5658 1730
915 6665
1387 1888
4623 1585
2365 6731
7068 9290
189 3674
9693 4644
1930 3792
5741 8169
5092 5829
6065 1101
1002 646
7456 9009
6305 9503
1762 2681
9572 4661
6752 3519
6821 6961
9306 1369
1418 4631
4942 1130
998 6563
6592 4752
871 1362
8975 7789
5637 9857
220 6354
3143 9908
2327 6046
578 3985
8729 4990
8673 6876
2878 7202
1468 7958
3212 316
4798 282
9687 1554
5770 2594
1652 5282
8629 4545
6675 2568
4039 6911
1100 4871
8606 5155
7029 8235
2238 4766
8049 3107
4104 3528
9391 9892
5330 5282
5855 1437
1833 7511
8854 3521
3120 3527
1399 1750
720 4245
8016 9319
7149 4438
6385 3437
6088 6614
1224 5854
8251 1547
1640 2956
410 6071
4611 1425
3834 6183
2603 7712
8383 4130
6922 8062
21 4546
5550 8235
3975 6635
3525 280
1323 310
5817 6916
130 9741
4430 3560
2644 4318
4946 5574
9791 4452
6624 4428
5320 6126
3454 3869
9889 7917
2088 6048
7676 3979
9435 6101
7965 9852
8912 4661
2113 1257
8787 3490
7382 3420
6607 7967
5550 7610
2264 9860
4544 6382
8085 5146
2356 4208
3991 1611
6862 1730
2776 3966
7266 4943
7238 9835
6891 171
4474 5428
7799 7512
7022 1184
9302 4904
4800 4490
3736 9740
3793 8227
2081 2276
2793 5327
9231 2662
8706 2150
4259 2797
3988 3105
8649 7394
7239 5089
9420 7790
8789 6777
5032 1283
2574 6139
32 4485
6266 61
2496 883
432 3497
7506 4340
6874 3453
4502 1302
7076 3608
2514 8238
6714 2181
4242 8933
3740 592
2034 7576
3501 6106
7698 1622
5059 5083
2977 3817
41 8973
1474 3029
2811 8270
486 6816
8523 6570
4698 5591
965 3109
8151 8533
6429 4046
9366 7066
2297 1332
3491 5816
903 6751
3232 5600
3044 4184
8966 2296
1610 1267
3525 1838
117 7340
7148 7938
4620 9436
723 188
8407 8581
8372 806
3832 4128
6327 908
8121 4786
782 9395
3598 3771
3152 4653
7432 6652
264 46
8380 9101
5852 9540
7036 6601
7031 5760
5020 886
6139 1142
6708 4987
4811 4292
1355 1956
1944 7980
4033 4723
2702 5608
8395 3531
1853 7173
2629 9994
7081 5389
3701 1296
8064 1558
2604 6899
9074 1611
4113 914
9748 1335
2930 9852
1511 6137
6254 6486
7574 2652
6638 477
2109 2664
175 5409
9914 1373
1869 3534
5711 1857
8296 913
9908 2619
3466 4293
9948 6200
7541 3225
743 3349
2489 3979
4369 8670
7069 9931
4096 4294
3380 9991
9758 2349
685 3868
7364 3336
2905 5257
3099 1820
973 6569
1904 2508
601 1701
3202 7553
142 1582
8885 1390
4921 5548
8707 7495
9475 2504
7372 3217
8122 672
928 5896
2024 6301
5452 8021
5604 6139
2906 7176
4260 8418
1802 787
8789 7216
6249 891
7741 7016
2625 1987
4802 5312
6027 4678
7980 9355
9319 1485
783 369
8093 5950
7891 2779
8851 702
6354 1987
6991 9717
6776 4454
4652 4550
4583 8488
8005 3750
9549 485
135 4613
8739 3961
9059 9430
2625 8656
8632 5211
7864 6913
3258 1924
1246 3874
6407 3687
3276 9798
1834 8639
5264 9952
8104 9795
9544 2327
6910 4836
997 1518
6722 7969
8320 2538
3514 9435
9549 8030
3321 7862
789 6712
1889 3409
9724 9561
6080 9728
9834 6267
9036 3457
1981 5318
3324 8715
8192 9584
2682 5683
2455 4509
4339 4516
2139 6079
2601 4563
358 4723
206 3879
9140 8827
5015 7790
5869 6879
1320 8032
1594 3014
8399 7712
8029 2253
8139 1783
9422 8798
2899 460
8467 1363
5734 5284
1716 238
4034 4811
561 9273
9730 6311
2833 4256
6692 7432
5220 5461
2094 5226
2756 4632
9817 3233
5568 2979
1436 6507
1817 4400
62 3746
3078 9014
2363 3871
4440 7980
4292 6700
2242 6441
7199 5524
2252 4287
7464 6488
4015 7420
8573 7999
8724 3546
464 6367
8756 9738
750 3676
9017 550
5112 1587
169 5195
5566 5448
5345 4518
9577 6178
7463 6706
335 5272
4642 8596
2283 1827
9123 1888
9120 2834
902 36
2363 5412
6294 7542
3373 158
1403 8232
8297 9082
4546 4152
9552 5441
9870 5672
8396 5093
7461 2911
2920 7737
9934 7084
7032 152
933 2276
9133 4445
9276 6775
1758 6056
985 1868
1622 3271
8409 2540
1191 9033
5263 9542
6755 90
1311 1681
399 547
5012 3934
7371 117
568 8167
8477 3696
1799 5240
8588 5935
8827 5888
3284 6819
4900 6807
9844 9980
6903 8680
1245 4
5531 9895
9479 2848
3753 1727
1414 2862
875 4152
2734 5180
2754 8678
461 822
9841 4996
9541 7135
9456 5268
7423 3471
870 7888
1166 9475
1488 144
1242 6502
6935 7013
3902 4972
8585 6285
7618 5092
346 7616
1677 2244
4511 6819
4182 8893
5610 2924
180 736
4713 7332
4058 4996
4140 9426
6368 2289
5056 5674
4667 9212
7714 209
2756 7986
1689 1445
2129 6536
688 4960
5559 6844
1890 8507
5558 8826
557 8894
7602 7230
1850 4225
3488 6300
1905 4498
5748 3341
5811 9413
6263 5690
7502 7144
210 1271
9200 2231
9365 2955
9476 2277
496 5662
9933 7086
1944 850
7042 5291
9233 7574
8081 1942
306 517
3266 4926
794 6979
2017 2206
430 3693
1601 5221
3495 5067
9048 1621
2823 7396
4501 2814
6192 9383
7675 1870
2255 3870
159 9511
8537 1395
8203 6426
8003 9597
3029 8698
6177 4327
8615 4111
9125 9413
9744 6820
8667 778
8766 1026
1346 5528
8265 7769
6834 5726
730 6935
8968 1124
3032 967
8804 3459
886 2113
9265 8636
2169 7384
1703 809
8252 4762
7005 375
2941 4623
7231 3675
2468 7898
7523 138
3812 4387
7775 7013
3418 5502
9011 3533
2644 1145
4617 2980
7445 9604
6414 9375
9016 9611
3387 7275
7268 2945
26 4760
7062 784
7160 4809
4546 1049
5560 5747
7402 2592
5539 6630
5290 3961
4875 6645
6788 4310
194 7118
74 3118
4930 8313
4504 2625
2274 9636
9697 1348
642 8469
7176 3212
6351 3544
3230 2912
9529 7863
1995 1763
7461 4463
9811 8588
2833 5583
3977 2027
5497 8474
7470 2353
2876 1306
759 6127
4320 4687
6956 602
4368 890
5577 3680
9762 7769
7233 8408
9877 2863
8797 6301
2178 2922
6544 1628
9225 5648
9956 8198
6895 3684
2214 3787
6655 3745
6115 6600
9418 5107
418 5151
4075 6261
6403 2119
5359 8354
6935 7915
5095 1557
363 5713
7979 9273
433 7298
6231 795
2850 6901
2520 8058
5632 1937
7919 9296
8621 2421
8728 8055
4909 6192
8873 6076
2542 3671
6605 2344
7364 5199
6274 1863
901 1956
6139 6116
7109 634
9955 4222
8769 7471
5189 9393
510 8945
9637 1422
2142 4287
8139 5365
5029 48
8827 5964
5532 108
7805 7878
1423 3520
3113 2361
2772 1808
8330 1756
4604 5920
9395 9001
8200 4074
166 2208
3290 7477
6685 2994
6531 5565
5055 2952
1951 200
3168 3044
5058 188
9978 315
7004 8544
8303 9407
96 7423
9776 4626
1999 6890
7342 939
6352 9257
8192 3369
2908 9498
7890 416
8661 4472
1178 7139
4429 2819
7228 354
6891 7738
8652 358
5005 1685
3216 5571
7364 4159
6604 2042
1804 7905
1303 2687
2834 1682
6336 249
2775 45
5576 188
2703 768
491 5351
5390 861
6331 506
7906 1258
4438 7541
8926 8977
9017 9836
5678 5675
1427 2769
7265 5489
4782 4534
9057 7512
559 606
1823 9081
3087 51
8399 9863
8822 4450
8727 2919
6577 9443
2861 4353
6473 6930
2719 7068
2511 750
851 7531
2971 4561
8280 6847
3769 8108
4280 4992
3764 1740
9605 8613
5835 4893
6405 7849
4259 9765
5301 4375
5596 3031
1355 3899
7762 397
8776 1440
9415 28
6083 223
5659 9612
4694 202
9440 5856
7371 2579
6638 9908
1916 1023
930 5152
891 7378
1550 2553
1293 6613
7633 3875
2361 5224
7835 5947
3924 3926
6603 9166
4184 8318
9580 2425
5221 6421
3243 9183
7084 7073
1480 4706
3429 94
5210 6300
7547 7270
3635 1556
9223 1584
1046 532
8847 2341
9475 5846
9593 6812
5703 1162
382 4874
225 2518
5218 5394
9364 1363
6342 3677
9343 9134
4328 7810
9312 4048
6594 3465
1997 9356
4927 1618
1644 2331
7128 5178
8127 379
7477 9717
9541 8055
2190 7640
1684 3408
6146 8072
7210 5515
2360 7964
9636 455
9422 5582
6255 8952
7773 1708
5885 2925
1816 9602
3499 1410
1787 7387
9624 1276
8695 8818
9208 9624
8541 618
3054 2994
1772 3772
6806 7814
6721 5398
5840 5553
7375 311
9077 68
3462 8341
9962 6362
4366 795
7723 863
521 1318
2430 9695
5117 6871
7488 479
8386 8210
960 3709
2827 7382
2532 7932
7746 7848
7056 5890
1718 8522
111 3994
6441 9019
9342 5131
2928 6879
8685 5947
1320 274
9210 6099
6567 8524
1735 5327
1033 8064
492 1179
2959 9856
282 9485
5662 2358
9661 4336
3718 486
1918 7201
8403 5004
5256 4803
1663 9419
169 5329
3390 7974
6375 8312
6906 6849
3611 6823
8003 8078
6772 4037
2989 8497
1607 8803
7181 6267
8888 6520
4955 367
3376 7370
6373 9168
2315 880
9666 9562
4399 8720
5425 3253
4672 8030
2614 1106
4484 322
6925 4488
133 1781
6552 3442
3272 8504
8202 4257
1746 8965
789 2467
687 1361
3795 7877
7385 8411
5541 9728
7419 8853
5106 6075
2675 376
9704 7935
29 2959
8526 2425
3987 7711
6421 9951
6177 2903
2898 6955
6810 5926
5446 5897
1038 33
9605 2993
9331 9779
4570 6527
2489 9819
501 715
4098 7058
1329 4924
1197 6256
3167 4052
6032 700
6844 935
4195 6564
1348 3522
9899 1748
9329 1666
9523 4881
1776 1637
5236 9580
3274 1030
863 1067
5353 6428
2713 7147
9494 5021
8380 5114
6594 9107
7738 3270
8362 8044
2777 4577
3822 9488
5202 6675
8046 429
8192 2949
7489 2238
2612 6332
2638 7967
294 568
3630 761
1570 7385
3602 3439
5180 3897
8593 8976
1880 266
4733 7422
7379 1246
8514 601
4486 5872
5818 2352
7991 2945
8841 5938
5621 189
430 9717
4113 5337
7211 648
4012 5485
2114 3007
4264 4463
8186 3984
5192 5496
4740 2198
5262 6400
2021 2236
3611 9713
7669 2742
2447 5580
3757 3744
3399 9444
5484 4748
9238 6160
7021 1151
7327 2923
805 7599
4946 6539
8796 9034
3864 9048
2589 6411
7174 8118
8320 344
6484 5697
8240 7791
9433 4068
5697 6463
9375 1008
6020 1651
80 1801
9478 1133
2975 9545
9559 6040
8355 7144
193 3489
2905 7635
3825 2701
850 9866
4448 2907
7615 8407
7606 161
9946 952
5771 7608
2213 2732
2695 7110
7016 8769
4579 5758
7731 1571
7907 4006
6575 1399
9133 1526
4959 8315
1535 225
9034 3324
3932 8309
6285 5480
9332 8681
887 5672
8083 9589
3274 1974
3799 7759
6998 7603
5969 5574
6571 9314
5512 7200
6314 1040
2391 4124
5067 1502
107 3774
4644 923
5601 2816
4917 5374
3395 8262
4113 1064
7894 3194
8983 9356
8315 2890
9951 6505
7198 1910
2021 2939
7246 919
2352 2360
5347 771
3707 2807
4627 3965
6892 972
2194 1056
6359 8004
7051 2583
2663 3646
3835 6803
8131 4853
8320 7036
9815 7736
1977 4413
8577 2361
6204 5319
37 9771
9640 3001
1917 9441
861 5887
6790 8884
5666 1114
3007 6767
4430 7844
7423 1269
3827 7194
7815 1880
46 3952
9761 2205
1427 3640
628 2989
534 5873
9336 9041
5712 2590
8986 883
5076 854
6672 5053
245 3837
5326 5029
5717 4962
811 896
2536 7251
8088 1086
9970 2853
8377 4152
9756 6042
3326 1526
6970 9039
3857 6494
4443 2902
7766 127
5537 3563
1228 2489
7277 5375
5641 6850
1264 41
5109 1394
5577 8216
3095 4454
3691 7761
1889 9644
5311 931
8867 7290
1584 2038
2005 5780
5278 377
8949 9593
9932 3239
1357 5773
1118 418
2996 2591
1378 6723
7636 7533
9654 8074
4290 5187
2955 7143
6204 1834
9191 7027
6401 9902
9275 9709
4891 8825
5338 7983
2013 981
4835 5882
9624 6320
771 1206
3666 5940
6586 9837
1286 432
3698 8487
4047 7407
2756 5595
7104 2673
6038 4955
3521 883
8053 6143
2039 3428
8763 6301
9149 1283
7726 7265
7922 4754
2159 8951
3058 5925
3618 7724
1850 3218
6123 5213
5685 3262
1584 9132
1379 2341
8872 3536
7459 9963
8781 2202
8292 6455
4107 8765
5356 4903
2046 9359
2416 5139
6294 5719
2991 9942
778 4629
443 7889
856 1030
7173 6937
562 5419
6032 888
171 5700
1397 673
110 4604
626 2396
5884 8679
5811 8459
6981 1124
1452 3221
480 3516
3036 3586
9747 9986
9605 8980
2714 734
2861 2363
7824 6007
6490 8406
717 8394
2492 6807
4206 9928
4742 9313
2150 136
2368 6037
4480 7831
9747 2591
5339 7666
2786 1984
8803 2186
6745 7374
5372 228
3952 9026
3159 6647
5389 9209
4683 4726
1483 6750
4723 8637
1052 3057
5964 5070
4581 9514
5826 5443
9248 5188
6256 6245
5420 5647
5880 902
2466 4715
9565 3085
9248 1619
150 1499
5643 5044
3766 3665
42 656
1450 239
4907 253
3713 6290
2703 9071
2035 8106
7063 8260
6546 439
9161 468
9376 2811
2404 6639
6750 1680
4949 7607
3010 8024
4382 6643
8327 9420
5332 994
490 6844
7700 5305
8504 4692
9590 6703
2569 203
6762 9450
7741 5307
1854 7336
1232 6403
8588 3738
6149 5049
5714 7912
8422 154
5898 7858
6832 7083
7298 21
2492 5559
6549 9563
9866 551
2750 7346
8729 5139
8285 1274
944 8263
623 9652
5952 9146
2670 7356
1414 5117
3726 6407
1160 925
5830 6804
6027 8999
5672 2553
1422 2422
4864 8549
3 749
1696 6142
8424 2554
2496 177
5037 5526
587 5302
5098 8200
8145 7333
5174 2478
3208 8186
9958 5559
1816 4937
5029 9328
3677 6318
551 5668
7536 2085
9172 6754
6328 6294
7985 8673
6944 1808
8204 9255
4321 2007
1421 6157
3178 2731
1629 1053
3066 9287
6866 4023
7662 1763
9793 6455
2526 8839
9524 2746
6337 3275
6223 5868
7321 6451
3897 7135
6072 2146
6124 8080
8422 3879
7521 36
811 3814
7501 5161
5687 3932
3209 3914
6316 9172
7679 831
9532 8026
774 8297
5333 697
7200 6252
8864 407
6590 237
3143 7038
8604 9549
7277 6447
7853 4554
3684 4147
9973 9924
5261 3475
160 8357
4190 1812
6956 274
6997 2260
1713 8919
8078 9126
9708 1113
9494 291
5227 8736
2842 5146
1972 9893
4473 9113
1038 6280
937 3490
5064 193
9003 9552
8839 841
3797 8120
8733 389
1603 5720
6476 9850
6654 2387
4558 7312
6052 1918
2797 2747
9213 8596
6287 4606
765 9574
6807 4359
9066 8637
6112 5775
2627 9252
2964 5124
5871 2209
5616 8123
281 2217
4138 9503
212 2400
6606 5545
833 8576
8098 3319
6423 3601
4145 8646
476 2866
8330 2220
9169 6922
9385 555
9587 8091
2757 1679
8009 1730
8609 2799
3468 2550
7659 5033
2189 7143
7465 5449
6840 2147
3633 118
7230 7177
8818 2338
8579 6185
1689 5635
3030 1583
9027 7189
4799 8996
937 1298
6681 3656
4931 9647
2796 9116
3072 5541
8898 9843
15 1512
3497 2758
2122 9988
707 3404
4214 2141
9714 2331
9010 1082
9296 7318
6345 1503
7915 6368
2576 8900
6394 435
3291 2068
2436 2771
9586 7941
4395 6911
4800 2875
1724 8081
5147 9756
1600 3152
9944 7203
5513 9036
4875 219
9929 3122
2466 2156
1234 7904
1650 8892
6613 374
7776 2394
4988 9742
9490 2580
2601 2112
2897 830
2740 7202
2923 9468
7822 9137
3839 180
4824 443
3023 6290
1653 5098
1426 6850
2190 3765
8736 9109
9582 7746
2136 2483
1681 3879
3597 1866
4588 7106
8526 1900
3336 5402
7042 6966
5815 3962
7321 6093
3064 1539
5441 6894
7833 1009
5354 7128
4739 7772
9149 4166
4865 7741
9544 5203
8838 2480
8367 5784
9615 5399
4871 1586
5394 8715
4905 7213
6370 5200
6062 1157
3842 2373
5401 2639
2098 9856
2604 5866
7537 6971
6268 5110
7601 657
7898 6745
5380 8842
6637 128
7892 7006
1858 4098
4449 5809
3810 9891
7990 2247
7102 9347
7445 318
3502 5082
4278 7512
7798 2532
8438 7199
3537 9366
7501 2299
10 9802
4187 508
6876 5504
9313 2262
560 4778
9296 3247
9219 3570
7543 5077
8231 9379
9486 2025
9024 2942
9772 1085
7570 7699
1726 2243
8657 5230
199 5309
2365 4549
6295 3655
7275 2687
8502 6115
9862 5731
4741 9883
3220 9272
1670 8916
583 5983
2946 9413
7772 2872
3036 8714
3011 49
229 5840
8886 5095
956 3145
2324 7612
5491 8879
1397 9505
705 3454
6639 3940
8584 9101
8934 8213
9775 6127
1875 2474
2243 7960
4194 7080
6652 6750
2930 2948
6062 597
5059 6597
7111 3098
4249 3916
5526 3695
9635 8886
6406 8171
236 171
9760 857
5152 4849
379 5824
4278 4173
1230 4503
5176 6403
7270 7466
666 8401
9975 4408
3949 2781
5985 1314
9148 6978
3780 4936
8081 4880
2991 5632
7936 6795
3893 5320
8461 8064
5899 7613
1231 3655
2864 7014
567 7086
1205 5776
2222 3530
8646 1860
9844 4629
2601 2251
3830 592
9938 1741
1647 532
9560 3972
4852 2255
376 2275
1376 750
1595 2588
6016 590
1164 1357
7651 9358
847 2308
7440 7117
995 9501
1485 386
1898 517
7162 2234
6219 5713
332 4557
8505 5151
6329 4227
4436 8275
8090 5308
8016 8217
6500 4334
3793 6767
1584 1210
5406 538
171 4252
8578 7478
9948 3996
1420 2055
9979 4131
8649 5587
861 4807
5330 539
2391 3778
9536 5337
3409 8620
3369 3437
8050 821
1601 6493
5960 2416
8665 9267
8661 5191
129 6434
40 9089
3460 3162
6486 1750
3264 8347
7719 4274
5308 2020
2855 8500
1962 2960
5786 5759
6636 6990
9963 9227
1259 9289
7001 1580
8442 8826
7468 4765
7215 7239
1285 6875
6062 9763
3059 9280
7397 5247
1109 3166
8199 6728
6612 1380
4981 9774
9040 5471
472 2499
1584 8330
3913 3678
3246 1279
6228 6681
9273 1796
5968 5930
7452 3471
8038 8319
273 1302
1629 6933
7577 1504
6897 8575
4685 8158
3356 4551
3519 3951
114 9239
6641 2809
749 7834
5378 2103
6030 7714
8763 5077
4792 1714
1111 6925
6575 5535
5399 8558
7938 9940
5831 153
8962 2960
8265 44
2412 3869
4172 633
2448 3626
6844 6386
5165 3732
3362 2882
4382 3948
1550 2309
7346 3220
5127 1026
7837 6757
8256 555
7439 2601
5914 9067
5516 3770
5136 9462
1762 757
1923 9804
321 7303
6276 5896
9816 6123
8087 407
7880 1199
852 7574
1409 3906
7674 5134
2962 1009
2893 8394
1766 4375
9910 7760
6308 4236
1224 216
9387 703
6785 8610
9222 7145
4697 8900
6272 3028
5858 4879
5497 4847
5838 7068
6803 9489
1643 9894
386 3244
5776 9968
2623 7730
6996 2479
7921 1336
1836 1733
3 8788
9684 212
1826 1407
3144 4894
8923 3002
7788 4818
2729 6789
3992 433
7420 2525
9367 1038
4207 9440
2058 5711
6435 3960
4753 750
4547 5849
581 5106
5647 4728
7280 3539
4290 9523
7579 5575
8261 6325
2065 8934
1747 5444
3511 466
4144 7332
7384 4611
8021 570
1365 8567
2792 3462
229 2710
6062 7107
1499 9617
5062 7321
2979 7967
5692 4688
267 9547
3787 9325
6469 9778
3519 525
5548 6563
4104 2025
4504 6989
774 5319
5681 5978
5637 6232
649 508
5700 5507
2260 9414
8354 6393
5929 2688
3190 172
2846 6070
1418 7170
4948 9505
1171 780
8757 9095
8277 7815
2312 6784
926 7232
3492 5544
3124 3286
1087 2465
6659 1598
3531 6209
5866 1764
5300 8486
9669 7504
3604 6712
3999 8591
5610 2433
8495 7118
66 1794
7723 4465
8061 8006
4383 9663
9238 3297
9376 5276
8342 4526
2871 3014
2890 6275
9456 9853
5894 800
8120 4701
3078 3277
7818 8725
9009 4457
8601 5300
2399 6909
7353 9889
7833 3937
6631 963
407 8986
5271 6806
8803 3191
542 2711
1173 2662
1783 5729
7088 1108
6656 9344
1270 5453
2170 523
8772 8706
1751 5874
9986 3149
8246 2286
4616 5256
4918 2407
3574 244
8258 9148
9498 6990
8743 444
8169 7459
9612 355
2474 3837
925 616
9536 4748
2682 477
4555 7154
7619 7362
1701 4332
4157 296
1317 3248
4049 3662
9212 1279
9891 1207
1886 7047
6535 1972
7673 7377
4310 958
8435 2044
3051 3609
4122 736
407 2325
4035 4535
8927 9925
6440 2215
1666 5936
2771 5890
4681 8960
4286 5293
5190 6048
2921 6117
100 4179
33 2997
4727 5275
2642 9340
9801 6120
4398 8369
5556 6295
7257 7601
477 8858
3577 6940
7505 6137
4785 6996
4077 7882
3893 4954
9371 7834
1423 932
5144 8800
2525 6211
4855 7218
4771 2176
4187 6332
5288 5651
1375 8813
4772 4006
6631 8641
6275 5827
2461 240
7802 6933
2364 4365
900 6982
5915 8441
9981 3234
9334 1796
4723 8047
1984 3875
8265 5768
8599 3315
9669 8781
9110 5926
7279 9268
8648 1893
7125 9342
9144 9096
6516 1936
2545 8877
5077 8770
7166 2885
1902 962
2456 7161
8474 90
4703 57
3435 7799
7784 8214
1642 7595
6504 1165
6639 4640
7753 7927
7610 7222
510 3310
9028 2486
6522 6672
725 9691
6151 5741
8564 9591
2108 5334
9232 5905
699 5837
8663 8797
5616 5144
5132 3187
9275 7191
5202 7606
9194 6056
2599 8628
8754 6133
8159 3421
7125 3516
7647 9082
9355 5900
2383 2637
1686 9288
2128 1405
6404 273
3904 6246
7402 3245
2840 6297
716 4560
1211 4254
7853 1855
2192 1598
1720 1763
4838 3523
4198 3634
3661 1628
7758 8053
7471 3712
3165 9642
4723 9779
2818 7752
4794 4051
5192 8075
2596 5609
6843 893
7160 4193
5214 8729
9532 3281
3661 4753
8575 4308
8184 9176
766 5420
5999 8302
8102 3105
8605 6461
5123 4571
4162 4782
7581 9181
6421 648
344 2286
6392 5071
5057 5640
1185 269
7125 9069
7816 9403
1455 5799
1408 7643
2658 2578
7173 4515
155 9307
5027 8831
3019 5938
6497 1002
6315 757
2252 29
5539 988
7576 7363
8425 2859
6126 4716
7534 7993
9909 3076
6239 422
4613 1346
3322 2460
5710 8406
9855 4492
9258 4011
1274 3856
7201 9444
3241 8082
3932 6707
8962 7055
8309 800
5386 3294
2936 5189
1943 3294
5978 710
9305 7458
2409 6315
8673 8406
9334 3977
6222 5915
576 2061
2100 6241
195 3167
2559 6309
9331 4624
4243 6238
4459 9952
3383 9695
7634 4885
454 8296
610 3847
970 4605
293 6225
7911 4483
1098 4279
8106 3544
8342 9087
1713 789
7879 7755
1908 1861
4015 1978
482 5835
9131 4493
149 5054
9036 577
5454 3312
1097 4457
3655 1509
3826 3442
8420 3567
5465 834
6298 9854
9983 8068
4715 3631
2449 3808
4001 6058
4870 2852
8298 2734
745 304
3337 4397
9385 4165
9443 5125
8772 6651
9205 8295
7594 2060
6399 8248
7568 3817
4125 6825
8304 4618
480 4173
5573 8194
2069 3325
2074 342
9684 3038
8922 8848
2119 8291
5649 5280
1554 1627
8551 9143
7026 7059
9055 2591
6682 7037
2362 5157
9393 3427
9911 9474
9476 2641
3293 5585
6361 4871
9733 80
8510 8951
9906 4857
2483 1856
2850 3421
430 7301
9442 9905
2295 9615
357 2980
8342 769
6966 8010
9151 3258
5082 8129
7447 9654
1932 1418
3218 5681
2355 677
7709 1616
9743 7715
2484 1332
6648 4544
2668 3633
6544 2808
6202 4294
5638 1132
956 9475
9212 6366
2790 3044
3132 9593
4600 2881
8028 2322
4419 1400
5803 2849
7751 2210
8210 1704
3016 6654
4805 9273
2625 6631
5958 8001
9797 7984
9804 9002
9323 5462
5292 4704
3776 3177
4459 98
7530 6420
9652 5283
1543 7002
6033 2810
5520 6720
3812 2651
3919 5234
9077 8752
5297 2872
9848 1186
7719 9348
8861 7493
6848 692
9666 5920
6125 4139
7349 2148
6870 4968
5022 4311
9157 4231
1086 8283
2035 6742
4804 9761
2893 5490
2652 2959
911 7929
330 152
3912 6039
1992 6551
4562 9955
7382 6037
6327 1709
5500 8772
358 8991
6607 8561
7138 2794
3049 8640
2993 30
1813 4534
725 9916
8243 3009
5536 7421
595 5143
3121 9932
7572 9561
4523 161
8317 4956
7855 9146
8240 5803
8903 9494
3338 5798
5216 2317
909 7109
4971 9221
8116 7626
5206 6282
573 8941
4362 4015
928 5849
3802 2118
5141 4437
5736 9759
7301 7085
2979 897
6476 1429
3181 4588
7368 7234
1055 6052
2604 5583
4306 3313
2494 9903
2502 2134
2787 7045
4998 7513
3820 2675
8628 2360
1905 4057
3895 2235
3014 2859
3605 6231
2101 4912
994 5939
1667 8275
654 8186
1253 6167
8323 1812
5051 1138
3585 5062
5025 7243
735 1638
919 6193
4078 987
2515 1660
8395 9023
5464 8696
2989 6838
171 9280
6647 1083
5577 6866
2566 8421
2231 1535
1284 8049
7672 3445
6344 4320
4795 6745
9748 6808
6303 2168
1606 8572
6870 2940
5328 4439
641 7113
1804 8702
8660 1420
2809 9747
5565 3700
5666 5082
9562 4999
8688 3910
5793 6165
2236 7313
8796 9987
7329 28
8656 2325
2869 8749
2105 144
5190 5691
9404 2437
9586 7726
6620 6964
5528 4874
4724 1887
9479 6887
980 5137
688 8433
8162 8944
3287 8189
23 489
5055 1802
4936 9554
8812 553
5645 2723
2693 17
9304 6956
3861 7810
2822 8993
3462 2334
6250 8371
3804 239
5548 8312
6402 7399
1655 2481
7005 7224
7385 5612
389 7521
4332 9314
81 8777
3411 3246
5085 6462
1021 8330
6391 3187
4589 134
6686 3254
9952 8315
2109 807
7635 6510
3182 1261
4606 3560
7833 4581
4313 2384
3061 5190
7331 5813
171 7887
631 7700
1140 6939
1599 2156
5118 4831
2586 9388
6237 6594
7638 6403
9949 3602
8399 5611
5255 2258
4238 1453
1920 4822
7365 8567
1724 6142
5787 6957
8202 6356
9475 3380
7150 992
4501 7806
2626 1591
1028 128
4774 4674
7165 5050
4813 5767
7616 1110
2736 5643
664 2137
6477 416
6899 6705
9411 5040
5241 6173
4380 7501
3859 347
9842 225
3071 6578
3580 89
5457 2639
1581 3660
6463 4680
6190 9517
6745 7311
1023 5290
4668 7622
8433 565
948 7015
3744 5489
9555 6840
9733 2228
3108 9377
1726 4237
4857 7908
35 120
8897 1104
6189 5565
1051 7683
931 9533
4383 6967
5871 5627
6809 6534
6323 9720
1224 3814
1205 1775
1408 6800
5225 939
7663 4442
1390 7959
7857 2544
1158 4635
8566 3506
4953 3676
7144 1035
2360 7382
5791 2443
5650 5637
1719 8510
7738 7139
6153 8626
1877 4435
9334 303
9027 3709
7566 1240
7934 3466
3845 3362
6748 3668
7662 1609
7332 8335
2968 7465
2335 2090
5707 2
8842 2722
5413 6764
7539 4939
2696 455
8677 569
5177 622
9255 7286
1782 1609
151 1739
9595 5111
1110 95
7154 6480
6979 1024
275 4996
4314 2864
9020 7172
6668 1994
6465 7956
4163 9226
3820 7466
658 4629
8453 6169
3477 200
8315 7035
2762 1007
2041 4665
6601 9113
3533 9310
2236 2849
1097 9426
4335 9308
14 9474
9224 6356
9781 4862
9995 7275
3408 3250
7800 9416
5173 6556
838 703
9863 296
1962 2237
250 5776
9739 2681
9822 1827
325 1054
245 681
9922 1223
3547 8458
4598 1808
1854 3751
19 1386
3751 7095
4477 6508
6902 5371
8534 6815
6184 4693
7463 1162
684 7002
16 6536
2071 411
4293 1209
7863 7916
5281 4974
850 2737
1297 975
289 4745
783 4383
8634 5610
2844 8384
9385 8067
4346 5047
3858 6693
2491 7537
8186 8090
1056 2069
5670 4458
6453 5668
9457 1374
2502 6539
8493 3296
3905 1680
8105 8038
8297 8417
1523 1707
5003 1347
8470 3263
3958 3075
559 607
5941 2074
4292 8172
1175 2661
3200 2039
783 7894
2832 4133
4659 4113
7918 8007
8486 4164
7313 6331
2749 1203
8240 1762
6280 5782
7836 2175
7506 3367
8913 9530
898 8304
1851 8621
9452 6544
3989 4517
676 7506
3340 3219
7092 7441
9329 1628
9512 4986
4034 6417
7583 8622
8645 8179
1844 6955
3967 9722
9758 855
5601 123
9272 3872
9857 9661
7279 7054
68 8921
9825 8370
6567 6388
6453 3222
5636 8204
5187 1510
9042 8934
2699 6913
5322 9818
1743 4886
7914 7391
1371 2673
4627 5903
4564 2771
1383 1779
3284 8484
5432 9759
1427 6841
7505 7882
5259 3146
1991 399
1854 3204
1303 1550
9456 2114
356 2537
6694 6961
3135 7406
8710 8076
3743 3531
974 1188
1764 8119
1730 1750
5237 9827
9569 4826
3957 3256
9755 4145
5544 3848
5028 3499
5131 2474
112 4406
3842 5094
6619 5435
7468 8211
2370 5065
2305 6219
2056 6979
7508 5159
7404 7599
8347 1493
1527 9049
8315 3817
2597 595
5903 5896
4329 7102
8487 3833
9162 5500
3254 7001
5580 6529
3524 7360
8819 4217
6266 3186
7714 4203
4993 182
4219 177
6464 8224
7894 545
4759 3937
8194 4759
4727 7815
4757 2266
7078 4633
8177 244
2623 6910
8930 7127
2258 8833
640 977
388 550
7641 2533
1646 1718
6399 6909
4015 9354
8129 3642
5276 1115
8241 1662
5724 4063
2844 1497
3840 1804
172 8586
8979 2793
5510 9113
1298 8476
4492 6131
282 4468
1002 3550
212 9088
4610 8951
9842 6427
421 3216
1257 6277
9414 822
6685 998
4667 6793
8834 3219
1138 445
7946 9333
9628 5671
3260 2374
5760 6358
7304 6076
6353 60
7876 3447
322 1579
6839 3701
8960 5382
6044 5807
9948 5117
82 3566
9578 1774
9843 4959
9363 7898
9056 9473
8142 8499
5981 3489
1866 4520
2116 5543
2706 4616
7946 3249
680 4899
9770 5370
6142 9096
2326 4950
6080 9864
5391 9942
9399 156
8878 9451
1550 7007
2962 8730
1312 1007
3 4176
8380 5932
2688 8639
3485 8420
813 3825
156 7703
6109 2934
7066 2230
3091 9407
613 6702
4568 470
253 4421
255 9597
2328 7230
8686 7362
6353 2215
9407 6084
322 8805
5372 8051
6661 7225
9790 7521
9393 2636
7742 2582
2817 100
8101 3471
746 8132
7213 3049
2325 4484
1003 7768
4432 8172
5321 6609
2970 2735
1556 4033
8454 4350
9740 5179
4229 367
1816 3038
2662 4189
7172 9214
969 2942
234 1025
9246 1751
9891 3515
1211 5200
4584 606
6340 6915
6624 6881
7198 2648
3708 9917
8379 341
8545 1226
6919 3489
8402 1942
4766 197
2661 6163
2453 7841
3540 7085
6023 7741
4548 6838
6268 7658
4830 9261
2377 5489
2462 1799
6505 7034
1877 6689
8135 2867
6822 3180
790 9599
3121 9685
8664 4493
9034 3613
3584 6769
1960 6983
9044 1974
6821 982
4253 5046
3212 6
7291 1498
5552 4024
9600 598
5226 6726
3170 4470
1738 423
2123 1852
8787 1240
2639 4693
2039 8801
4621 475
4291 5263
8916 7839
5322 2777
6821 8203
3625 4223
684 2857
9830 6964
7323 6916
2405 4741
6435 1906
9411 8457
4076 2860
2768 2414
7854 2661
6749 4931
3624 4267
4408 3618
7394 2807
7266 2321
9021 422
8890 2053
541 7035
7562 5396
9477 5733
4543 8274
8798 1087
875 3983
6474 5258
3941 6519
7687 4369
9603 6723
551 4324
5427 7686
6879 4744
9466 2432
1136 9068
4548 8404
6557 1951
1890 3323
4162 7767
1306 1293
8713 3147
4499 8067
6125 5298
3630 5826
1984 2325
8547 6909
2978 7974
2346 443
7497 9532
4161 6994
2506 3531
3315 7524
9640 3817
1877 2038
9386 8246
1146 6120
601 4485
921 8389
7814 600
3639 7762
8473 2265
8906 1655
43 1373
724 5568
3982 4096
4004 657
5972 4998
7266 3063
6673 9624
6531 1328
4364 4913
3688 5344
3856 1476
3570 6177
6171 5457
7068 511
6137 7588
9388 1877
8601 9162
8237 8333
1594 9543
2883 7798
4158 1612
6202 1209
2421 5818
3805 8067
913 787
8852 1816
7283 7113
5271 8496
5458 5347
2585 5591
1798 7008
2823 3873
5932 9976
2899 1319
26 7871
7016 3584
6231 4685
6343 2168
2918 7059
9025 2088
1280 962
6274 8150
534 3703
8606 5181
8922 6600
710 4614
8247 5704
1445 2844
141 5226
847 9583
3099 303
8429 8155
7240 7950
863 2974
9020 323
5402 226
5920 9439
4576 4294
6881 3166
2451 1797
8980 3775
9308 6766
8399 1678
6837 2786
2704 6994
921 2151
1803 1735
7596 1655
1627 5007
2230 5042
8029 9941
6297 4590
1379 5469
58 159
1730 6870
7346 7814
3463 1091
1331 418
9436 539
9209 4728
8462 3573
6040 7212
3072 3314
1875 9084
7744 341
4425 6843
5437 5778
9382 5041
6848 2868
9973 7909
896 3924
3103 5129
1427 9856
6375 7777
3419 8536
8758 315
2800 6128
1774 5516
7660 9542
6649 6459
3499 2684
5780 4158
4358 3956
8029 8221
6168 4075
7575 6955
3878 2688
7057 1320
852 5704
4500 9964
3460 6457
805 3262
7319 4207
7814 6531
5978 6619
1970 2173
2248 9940
210 5307
311 6824
226 7474
1683 1791
7410 6234
1403 5800
1935 7869
3725 2903
6114 7551
4015 2049
4762 7757
4401 7426
9294 4868
323 1619
3021 3207
7972 9040
2933 9370
3855 4809
4492 7327
358 4634
3202 8694
7562 6876
2708 3053
1261 7483
4144 4206
5643 1786
2163 6688
7857 9653
5057 7792
4221 3218
6672 5357
237 1896
695 4111
6180 947
2466 6265
9964 9717
2091 9687
307 7410
192 9529
8204 4436
4576 6708
9474 1853
2902 824
7346 4258
5024 4345
5857 959
1363 9806
2693 8907
7908 1391
5253 1944
5183 9541
5031 8490
444 231
2536 7880
8636 8683
912 7947
8797 6273
6287 2612
8221 963
5866 4335
1151 4886
9246 2942
8921 5374
8246 1755
5634 9234
4366 3576
6524 728
258 1245
1249 1876
6274 8918
6311 7475
4382 5679
887 5308
1651 9175
9365 240
9372 8017
1110 5473
5796 6924
8072 1284
6526 3907
4080 5734
6522 2458
7352 516
1385 9244
3096 9556
8473 5373
3048 8934
3196 8420
7529 7872
3762 4491
581 5466
7602 6953
9812 189
9718 6109
7089 4811
695 8407
6946 9810
1662 5095
6449 2614
2755 9697
5587 6574
5520 9092
1494 1256
5386 2943
8321 6052
3970 776
390 5731
5687 5735
6771 5284
6531 2040
4587 8248
6130 8119
985 7011
5752 8608
3678 7866
7724 474
6312 6474
193 504
7579 754
4683 2676
3088 9457
2213 778
4027 385
7864 8226
5014 3664
5319 2187
2317 2034
1463 5872
5686 9906
2071 2163
1315 2002
7449 9062
7414 1354
2522 6186
2541 18
6327 4984
4573 5256
1474 2848
643 7887
1606 1280
6648 8092
4804 9075
7847 1316
2019 149
4678 1647
7350 5483
3568 1744
8671 5425
7133 3803
3925 9347
3395 6707
1059 4870
1265 8698
8249 2037
7172 7029
6131 8235
4908 8755
6854 3567
5977 8421
8808 3612
8750 3590
1050 845
1341 7676
4826 2754
86 4274
5235 8668
5447 8398
7919 2741
7010 9366
7440 3765
1166 2116
3493 6516
8285 9547
4493 1749
2102 10000
5520 1519
1870 2058
8750 987
2897 8448
2752 8929
2484 4309
8248 6140
7285 1840
6296 8016
3552 6413
2440 3925
5709 3620
9713 7204
6257 4094
4238 4752
6996 3226
7895 3261
6746 5418
3978 9011
9888 1837
9116 1099
3667 7248
9777 4929
1 7064
5924 325
8052 3431
9053 1557
2491 1722
3753 3761
4877 9882
2539 6028
6072 2927
4782 9587
299 6912
2386 9429
7320 8781
3448 694
7893 8922
4574 2343
2053 9991
9815 2784
770 5704
4682 6720
3309 7592
6696 5681
4450 670
5081 3238
8330 1483
8088 5265
6372 2299
4064 3232
5236 529
1619 4036
1380 767
7796 8576
7581 8106
138 5699
2749 1736
3532 3787
1321 491
7260 3843
5422 591
8768 2341
2167 2439
5337 5765
832 5061
7020 5522
5825 8800
2460 5870
2271 2679
6983 2553
929 7201
1903 1788
2377 5003
9235 8626
5566 9118
4355 6509
9682 9278
571 5804
248 6058
5389 1053
4173 3280
3641 5836
5581 4659
156 1382
808 9546
6182 7163
1356 4420
9322 4005
5925 6558
6043 3040
1978 9812
3576 7865
10000 3525
1095 7216
8672 3552
1249 5196
5886 7184
4426 8963
8150 7577
7750 2096
3220 3952
3987 8164
1578 2700
4187 5984
9166 9128
9524 3583
7709 6644
2619 6228
4015 3614
7928 424
420 5224
4004 9271
8343 4674
1694 5521
1183 7595
8410 167
8512 3438
9382 7753
2566 7019
9418 9694
5651 9603
1284 6163
5445 1154
5153 801
6185 5775
7365 4124
4518 5408
9643 9662
9753 5767
8624 2742
6443 6533
223 1145
4435 9462
5670 7400
1891 2388
4820 4960
1934 3597
5214 1750
5733 3157
2781 2909
3310 1759
2126 8599
6800 4554
199 8769
4553 7064
9090 5485
5502 4621
2826 8431
7161 7150
8277 3990
6409 5977
7417 4038
1600 9739
2648 3497
6720 7502
2646 4068
5289 9284
9721 7072
90 9172
7558 1710
617 5477
6386 4524
8993 171
2141 1732
5163 8726
3233 6219
4398 9177
1383 7655
5746 9781
3785 357
9377 7580
3824 5844
3881 6347
8466 2039
7079 4702
5661 2340
4681 7078
9279 1308
2938 4502
5123 7021
4611 9213
8204 2186
9434 713
6336 9377
8271 7262
7645 1595
4468 899
9399 5417
3580 9569
9271 6276
4987 2162
5947 3077
7188 3138
6588 509
6456 4470
9269 4264
5984 953
3155 6911
6317 8023
4798 1694
3599 4038
3928 5125
