100
62 31
98 27
73 29
27 40
71 98
3 69
51 91
9 63
77 80
61 61
47 54
36 8
32 6
55 25
16 99
34 54
86 57
44 49
79 4
55 55
83 77
88 10
99 55
3 26
37 5
46 96
36 73
48 80
94 87
98 37
49 30
0 44
9 98
60 71
5 16
66 74
15 97
4 40
93 24
77 73
8 9
78 67
87 12
88 92
19 62
45 92
90 39
70 29
56 7
63 21
53 74
99 59
53 75
8 30
75 31
48 75
11 36
47 65
53 54
0 96
25 33
48 76
87 92
65 30
76 68
91 48
40 49
26 48
9 0
34 58
95 9
14 63
94 92
3 51
12 62
83 56
97 79
3 34
35 59
44 88
50 38
78 93
83 87
20 88
1 1
93 84
64 88
45 22
37 57
70 72
97 97
69 27
83 38
55 99
23 9
16 18
25 2
0 78
36 24
18 86
