800
96 429
490 295
600 407
672 15
439 401
425 659
684 639
435 711
95 700
241 68
61 194
650 352
752 673
306 385
36 296
26 582
553 687
177 101
657 390
509 245
645 108
622 89
554 369
409 323
547 277
336 135
247 366
501 11
547 311
656 403
517 151
217 105
483 655
457 682
207 293
71 523
5 115
732 649
14 782
585 546
482 193
462 462
91 427
636 156
657 668
302 776
461 432
543 449
129 584
681 630
624 251
787 177
524 698
658 122
252 482
451 261
611 218
41 495
607 87
729 489
701 235
163 440
300 615
500 99
131 421
359 85
332 164
521 203
630 15
775 679
616 397
126 562
214 613
402 167
316 421
566 555
731 191
269 625
362 698
773 222
501 379
719 409
286 771
488 209
457 728
130 696
517 391
49 765
660 148
144 669
163 462
590 388
425 688
682 290
399 109
740 562
330 192
743 83
679 607
252 413
659 146
268 712
266 186
276 418
343 616
399 250
706 349
564 721
624 381
313 705
337 63
15 396
762 461
510 156
473 429
56 231
652 458
14 258
305 741
491 205
502 225
229 356
147 103
480 248
145 32
594 489
361 633
539 655
798 37
588 6
416 503
102 688
745 293
533 305
415 79
111 80
299 71
43 538
52 449
641 153
76 582
515 483
639 343
407 346
219 605
741 421
528 0
769 249
336 219
623 666
318 485
185 334
136 753
564 729
33 749
468 138
359 102
67 404
780 192
681 268
54 727
599 797
285 53
120 734
296 275
255 516
536 739
450 366
208 638
313 610
9 689
202 786
674 492
163 78
395 689
56 0
448 800
613 52
716 394
167 98
789 500
644 308
695 514
181 234
372 665
665 728
736 385
321 592
593 367
87 321
444 118
100 587
649 132
685 581
396 759
223 66
300 326
232 516
525 392
533 407
688 399
653 605
739 684
53 484
199 26
42 680
341 796
118 581
240 422
119 461
726 178
628 457
634 8
501 334
465 431
707 545
731 93
58 94
72 152
438 288
661 731
339 742
732 505
769 631
296 379
670 6
495 487
426 384
501 92
433 759
572 417
717 316
732 761
584 577
431 229
730 651
613 630
382 287
427 787
727 320
209 97
244 775
651 67
673 403
458 539
753 134
263 499
798 496
602 501
586 245
203 365
399 214
285 673
51 592
579 753
256 583
733 622
613 92
232 170
409 83
198 237
267 472
590 490
759 605
288 766
602 30
421 175
340 402
606 422
324 336
673 523
562 44
712 30
685 166
417 239
110 103
561 430
608 481
339 405
707 307
218 760
427 716
203 528
404 375
546 577
285 564
321 416
504 102
648 721
570 627
739 388
492 104
439 229
325 792
296 612
555 157
595 773
202 462
397 424
383 54
412 139
791 290
478 531
439 198
130 783
343 379
399 207
225 164
236 137
334 329
799 759
463 1
322 274
423 432
634 322
285 652
70 182
768 22
139 298
38 14
477 24
340 470
28 487
217 232
753 293
279 376
558 227
208 405
299 333
400 325
58 800
450 504
774 127
689 55
135 38
435 536
783 487
723 460
668 636
36 225
620 507
781 171
100 114
558 322
596 175
508 270
237 89
312 395
362 358
72 72
468 452
552 1
375 567
328 498
166 579
506 707
366 594
726 398
395 88
16 666
181 602
17 39
543 267
270 61
446 633
212 686
555 677
320 269
294 629
64 615
40 430
576 631
552 328
564 435
10 263
644 649
670 289
378 788
501 189
27 157
5 457
307 197
646 143
295 99
85 564
718 46
560 521
265 419
284 739
410 305
304 666
244 694
137 346
567 221
607 647
159 439
490 359
491 174
575 449
150 289
378 792
702 330
490 764
120 16
385 447
322 531
777 297
296 45
415 344
31 765
663 742
558 320
275 19
525 136
3 599
121 711
546 111
539 712
521 314
652 14
136 215
103 459
519 763
375 249
267 700
495 237
517 526
758 398
233 161
731 329
704 0
585 666
613 343
587 429
538 5
492 543
297 489
510 48
283 569
292 456
595 762
479 43
713 613
771 579
724 40
22 198
94 324
127 557
496 33
42 406
136 580
473 355
218 638
210 294
642 609
53 648
500 96
318 331
764 269
306 333
231 657
637 388
641 375
423 160
775 777
239 133
54 71
432 357
371 30
496 500
63 98
346 485
459 232
71 366
516 113
764 295
698 422
365 621
583 563
406 242
460 413
592 511
79 32
22 686
25 231
233 678
636 668
759 690
707 624
137 136
225 157
318 514
526 322
377 284
128 705
440 302
405 332
139 136
141 702
413 451
580 590
541 662
759 544
88 250
244 24
697 226
138 593
772 471
103 155
459 549
399 329
309 129
203 206
531 784
505 506
195 19
102 663
456 90
694 447
532 131
427 33
260 689
722 46
125 191
656 569
521 560
541 151
173 174
711 775
771 278
596 87
35 616
728 341
159 214
247 334
654 731
152 417
400 685
175 580
149 10
177 326
722 763
91 453
585 549
48 486
538 591
547 95
629 70
481 781
621 298
336 39
272 703
201 120
123 358
687 552
361 578
355 122
236 462
138 614
475 513
442 701
774 444
51 130
363 718
788 194
725 473
681 224
506 215
777 129
188 586
364 529
652 353
437 378
576 693
206 658
493 422
2 402
549 380
263 509
407 12
748 260
339 624
57 671
289 788
21 719
563 229
277 597
669 799
279 659
645 341
237 212
558 358
283 771
708 789
99 257
324 513
387 138
113 550
654 649
233 37
544 568
329 645
405 14
527 501
350 110
265 467
749 570
547 40
416 35
239 576
350 603
161 252
34 674
277 243
747 44
225 136
247 539
600 122
358 584
130 160
23 360
700 496
354 219
1 735
184 291
318 781
232 277
104 233
585 15
369 360
80 485
735 787
434 496
597 390
129 588
344 186
185 305
512 479
680 599
651 2
649 221
549 284
152 149
480 542
253 224
19 336
157 618
457 752
247 48
205 184
28 682
669 93
571 745
572 273
595 9
590 381
717 328
335 129
402 663
660 417
567 676
664 351
430 428
570 606
745 392
189 258
249 10
210 771
139 512
261 579
724 158
634 222
576 5
286 126
140 678
211 366
242 345
639 221
134 714
197 232
674 256
771 79
527 790
298 514
666 266
560 343
800 153
756 676
522 400
65 71
486 353
612 498
696 264
201 114
795 782
488 451
515 15
148 403
478 14
418 713
68 185
736 536
765 78
532 281
21 189
60 189
453 18
50 31
16 587
321 245
3 722
101 725
43 599
212 193
365 189
670 456
765 190
778 589
206 231
652 169
472 671
769 624
741 558
657 627
735 138
219 647
252 153
465 623
603 384
243 336
54 257
335 554
350 643
502 147
202 535
705 580
443 665
705 312
15 740
380 771
381 165
554 708
226 237
363 245
290 407
782 322
307 704
171 720
513 18
569 470
348 8
492 162
187 727
786 21
172 534
398 526
74 118
540 211
413 451
349 677
599 514
149 237
665 548
319 6
249 485
533 204
529 158
581 635
633 302
637 354
61 571
613 176
361 501
501 115
111 115
744 689
342 122
50 660
271 80
118 782
582 692
319 410
319 175
736 516
54 54
599 441
159 341
8 515
7 152
179 191
730 41
104 454
274 291
600 537
786 106
128 643
132 50
367 364
712 222
480 472
