400
207 53
48 397
325 378
249 168
219 228
5 152
278 310
84 96
147 24
49 139
180 309
223 175
91 46
394 147
219 242
36 239
57 146
32 378
274 308
330 50
311 249
22 231
128 242
396 285
55 205
178 126
48 236
213 157
369 27
247 187
85 258
255 101
21 381
191 161
234 300
399 243
95 156
242 30
48 211
216 240
388 62
179 123
104 102
264 17
345 162
366 168
209 46
176 66
268 182
159 327
251 3
115 13
124 398
140 77
180 234
134 21
390 258
295 260
95 11
213 42
132 153
166 140
263 292
382 137
318 380
236 291
139 55
41 148
311 219
207 17
201 49
30 120
355 164
297 57
397 308
110 213
83 86
327 311
154 106
286 192
1 116
260 152
88 39
170 127
266 125
283 257
12 96
178 207
24 9
288 271
135 107
72 83
155 328
228 15
205 39
26 7
82 353
321 13
334 303
79 265
319 274
194 36
275 96
32 190
66 223
264 384
157 292
224 182
212 334
103 42
187 181
45 8
50 20
40 370
227 268
196 75
360 99
296 179
250 41
185 73
345 361
256 256
106 360
399 268
326 382
176 58
245 197
4 56
371 344
347 82
313 321
213 172
276 205
295 296
57 287
346 232
345 280
302 27
386 65
60 387
198 240
239 88
47 76
0 1
381 174
64 384
33 16
91 218
57 286
9 343
178 206
353 32
116 100
34 230
218 79
127 314
383 236
145 28
233 299
142 196
289 112
237 377
161 51
113 283
104 111
275 186
196 325
218 90
44 314
273 78
102 67
25 330
288 332
324 234
81 161
244 311
71 175
387 108
208 215
279 50
19 140
167 331
88 103
386 71
337 271
17 28
288 184
303 373
123 61
340 202
232 273
9 25
66 125
264 243
333 108
17 151
263 312
158 217
248 148
172 370
31 229
41 366
198 232
61 206
310 103
374 293
205 80
278 308
314 217
249 298
84 371
39 89
96 57
79 72
55 303
252 151
339 55
51 218
336 347
329 252
257 360
269 370
1 155
377 97
38 378
123 69
82 106
274 307
344 79
305 62
201 276
273 214
273 90
220 256
49 339
176 112
110 203
218 312
90 400
382 395
298 61
365 88
248 84
325 368
84 89
8 248
176 168
336 95
380 206
105 278
267 339
375 344
20 71
386 375
228 94
290 50
4 335
336 110
324 89
358 92
120 80
251 59
381 203
287 276
265 33
68 260
2 318
48 39
187 261
240 315
103 399
248 362
80 222
88 247
51 39
282 376
29 297
84 207
186 169
35 2
2 146
366 38
126 312
253 185
146 37
210 30
239 280
302 290
316 142
71 296
375 380
41 229
103 243
352 380
400 226
242 394
400 22
203 236
94 387
367 27
30 394
8 386
310 333
356 175
120 44
49 318
35 347
112 189
233 237
279 71
334 199
272 393
397 298
110 79
188 374
89 136
67 61
46 57
88 230
87 161
197 176
348 366
209 248
322 18
240 13
259 221
141 276
377 87
224 39
291 393
366 377
116 370
317 207
384 18
71 157
313 180
264 127
77 120
183 18
211 151
13 274
155 297
370 159
364 364
167 154
10 149
210 258
36 120
183 14
134 157
38 219
66 54
195 102
68 2
393 301
89 359
36 37
364 120
191 196
322 233
159 170
268 194
93 158
247 119
128 353
129 12
357 95
308 171
155 364
388 131
62 270
339 284
8 8
217 381
364 285
54 219
175 274
64 85
157 322
64 206
16 330
107 243
306 131
373 138
105 21
56 140
197 211
196 331
231 148
15 52
91 21
237 186
156 65
101 9
65 71
161 40
340 220
28 8
361 346
186 255
