600
292 506
108 524
473 549
209 181
526 396
61 255
50 508
474 329
47 434
114 391
255 506
212 355
125 452
388 264
71 36
366 251
223 394
511 330
83 100
90 459
193 394
5 398
55 269
356 179
14 330
560 253
283 249
308 398
423 85
20 220
92 200
88 488
404 416
340 398
161 560
534 474
239 418
445 274
568 326
139 421
104 139
69 474
205 25
108 600
185 120
262 99
445 82
532 226
216 534
527 280
116 376
271 186
403 578
168 487
373 561
553 217
563 543
79 382
325 326
335 483
266 438
162 153
458 2
428 87
560 232
168 422
452 34
297 102
232 397
285 184
66 77
186 234
224 514
137 459
574 554
116 441
215 468
568 209
342 286
143 401
154 461
425 181
535 275
155 188
486 20
10 329
599 108
126 35
240 268
237 70
62 512
176 11
128 127
494 278
23 533
517 440
262 450
256 390
577 354
210 35
208 382
45 53
185 540
362 590
20 193
29 489
252 5
598 351
285 354
443 417
518 543
154 105
306 354
429 174
209 425
479 195
313 450
534 7
576 215
469 217
79 294
268 190
176 163
151 206
226 52
356 94
122 92
27 294
295 317
330 531
135 255
562 527
148 366
422 274
63 83
10 157
462 11
175 516
253 294
278 497
275 135
431 366
202 491
338 288
277 154
333 480
241 582
527 173
88 290
237 486
353 155
558 285
326 328
30 477
14 441
46 23
221 108
401 82
380 16
56 584
141 302
373 69
94 80
589 261
154 343
14 490
160 26
450 496
577 147
345 107
455 161
288 342
544 466
531 145
575 227
126 192
52 224
205 185
248 85
438 375
196 191
498 376
233 249
50 404
446 38
327 366
21 40
269 23
379 158
162 114
559 397
29 465
142 331
273 110
323 537
237 243
535 225
128 571
475 187
121 231
387 33
1 201
83 131
552 538
133 73
282 305
275 60
308 41
0 111
582 442
64 79
281 108
340 334
225 378
126 394
383 224
238 581
348 80
65 251
405 54
102 274
286 174
370 252
192 597
509 557
429 247
148 141
488 469
37 177
277 462
332 57
4 377
183 174
355 42
368 481
519 326
192 97
322 439
349 407
327 517
583 483
236 509
122 49
375 78
212 572
270 98
24 42
375 540
534 474
353 129
430 335
578 131
349 230
247 579
102 486
375 501
448 227
454 570
309 490
521 220
43 86
565 63
272 328
271 590
18 22
256 516
78 358
531 344
223 343
299 187
216 57
444 61
589 461
508 220
418 550
299 308
134 279
21 394
367 247
200 64
310 436
162 15
495 163
557 541
459 419
375 150
492 592
551 90
483 196
98 397
556 96
139 119
112 456
123 438
46 423
152 196
225 513
349 98
58 331
117 159
161 176
83 46
356 159
37 478
583 467
575 162
549 25
189 298
457 378
580 39
117 520
491 287
384 334
556 48
127 436
398 556
425 125
302 181
428 304
282 490
306 400
454 1
103 209
317 246
347 191
0 168
224 368
155 69
418 74
282 367
551 429
164 594
276 118
380 48
113 321
514 78
523 242
316 118
508 441
548 129
102 86
385 180
366 136
590 506
542 507
564 320
115 249
313 520
420 221
268 398
512 574
584 315
18 504
302 530
527 167
136 262
255 110
486 114
402 308
531 403
538 346
54 461
402 114
445 314
238 290
99 231
215 475
379 118
495 132
85 156
211 482
203 544
217 212
343 208
244 88
370 479
219 390
410 588
286 315
58 25
460 454
421 555
399 583
80 258
271 491
287 165
408 335
147 478
241 91
496 433
274 250
19 401
562 527
41 356
381 501
58 196
233 514
108 431
165 120
436 312
191 581
208 525
570 471
397 297
394 310
3 0
144 286
4 280
60 238
54 382
525 420
463 316
103 388
14 178
494 11
87 552
188 141
303 496
85 415
30 421
475 59
327 316
567 434
438 196
231 144
350 226
213 255
115 312
366 366
471 194
314 495
91 391
573 258
578 126
484 526
456 40
504 448
125 181
383 270
215 401
259 91
295 235
81 320
545 111
164 209
347 350
157 460
125 419
503 43
130 187
414 318
564 433
245 559
546 570
107 285
165 168
587 277
355 137
354 496
200 74
420 408
235 209
108 313
119 390
109 479
350 4
80 439
597 17
528 209
121 402
277 94
451 520
397 44
536 461
494 164
511 263
441 595
23 66
472 306
328 401
547 528
280 104
343 222
229 35
147 175
549 456
190 597
344 525
297 131
77 273
70 271
394 467
217 266
166 286
362 250
450 565
517 208
463 362
443 31
87 93
108 563
362 363
582 503
165 231
398 92
538 338
276 496
152 205
510 384
347 558
85 467
532 372
365 589
69 597
262 518
482 540
323 352
17 236
5 22
375 316
165 61
161 213
410 568
363 431
13 273
2 490
525 269
221 241
319 246
332 289
266 92
504 315
305 448
63 180
520 350
411 75
478 423
219 561
410 313
589 99
430 349
94 121
132 333
588 19
101 172
405 163
470 529
385 480
533 577
35 451
313 485
235 177
243 327
390 536
48 397
458 395
316 139
209 423
346 268
366 121
308 552
358 59
209 501
243 249
589 303
163 114
128 21
417 196
374 594
180 7
443 224
543 13
420 411
553 569
108 542
255 215
525 423
403 539
523 243
82 548
410 500
313 282
574 56
343 450
275 38
260 88
251 174
212 269
85 189
67 161
207 543
270 313
347 483
21 593
529 574
504 499
250 54
430 428
404 231
115 296
