1000
693 375
329 832
933 916
886 816
948 739
975 349
199 243
501 334
66 966
581 849
716 112
341 947
833 803
944 491
630 186
180 390
379 871
768 220
473 285
60 217
904 658
68 439
880 882
492 360
58 716
114 5
291 677
36 821
113 977
94 359
9 89
577 317
320 848
752 823
381 347
302 580
502 580
502 33
189 59
634 390
434 413
831 515
757 308
435 465
352 198
681 997
435 749
782 274
920 58
922 581
219 543
390 703
423 144
993 65
764 333
115 676
395 994
635 767
897 591
362 75
951 848
502 484
848 710
2 444
317 628
43 778
396 163
400 785
896 840
979 541
81 54
753 141
37 433
790 889
880 909
955 257
498 681
425 901
943 697
326 324
374 473
170 878
323 810
54 232
755 636
366 455
55 8
350 88
226 409
631 797
603 337
657 467
470 385
177 949
170 283
708 713
21 717
594 207
649 17
670 166
476 673
136 18
493 273
766 359
704 359
27 598
321 631
858 352
753 457
18 352
813 718
11 635
625 252
631 12
262 893
266 181
709 175
101 755
57 661
973 339
155 591
622 949
782 346
700 632
520 424
357 2
209 429
901 449
894 770
269 577
712 728
75 145
151 146
419 483
459 522
980 216
433 0
583 340
572 608
120 505
423 694
481 456
701 466
607 805
415 479
765 328
31 991
145 966
542 990
311 93
529 784
114 604
699 419
944 860
553 484
681 158
743 602
48 171
778 651
294 534
17 515
619 48
137 365
7 129
644 950
43 707
396 946
523 873
444 892
646 375
124 334
75 319
267 92
254 508
593 53
732 458
953 908
722 789
886 378
507 977
294 708
785 245
210 586
540 41
732 289
388 601
326 63
539 313
668 157
293 266
199 197
787 837
82 15
919 405
678 52
888 255
201 562
824 438
251 862
723 239
493 518
549 527
380 849
981 811
846 983
219 415
914 498
666 790
902 738
264 212
275 805
841 280
216 603
294 582
136 566
321 308
11 251
373 229
817 587
524 600
827 566
914 53
619 648
90 171
220 228
823 786
759 70
357 577
170 874
193 311
589 587
951 504
363 741
689 469
949 60
766 577
166 505
521 183
585 148
227 695
220 173
23 30
394 886
757 597
188 68
329 578
445 741
259 385
685 847
706 344
965 395
360 839
328 377
272 592
930 434
301 805
619 530
275 359
959 171
165 9
76 69
990 943
590 414
492 397
264 260
10 665
387 521
827 506
984 558
823 845
375 661
108 734
560 938
635 245
725 609
494 385
674 446
461 34
758 129
537 289
403 166
86 636
216 82
365 422
210 544
96 20
74 666
160 129
576 758
514 641
765 742
347 551
783 395
151 491
232 377
536 957
434 692
245 183
253 363
347 226
515 747
691 442
975 664
517 570
992 648
752 697
384 353
712 483
399 225
154 448
481 522
45 815
356 378
677 432
334 837
932 486
215 501
54 105
100 793
984 867
598 151
590 661
881 453
386 529
283 645
810 506
659 894
421 180
217 320
384 30
713 288
419 321
787 362
45 204
510 603
89 491
88 145
215 829
152 17
69 154
678 832
661 459
323 668
379 452
587 628
896 73
417 855
817 95
205 704
525 844
214 854
214 498
332 51
387 960
894 88
443 746
989 734
490 439
164 767
986 599
957 647
645 558
352 178
55 210
238 363
956 82
381 463
276 928
49 508
453 812
662 131
429 395
383 366
930 634
360 863
715 135
416 85
770 341
316 712
644 780
535 559
158 616
815 804
858 678
364 913
297 568
109 937
481 635
705 382
735 138
980 550
899 698
146 891
109 550
183 407
741 68
647 825
271 733
450 237
320 157
792 146
451 840
952 167
947 999
929 349
797 45
239 378
238 71
245 798
65 873
611 434
997 333
758 263
821 217
613 656
962 459
549 928
588 365
119 54
66 218
983 958
708 521
155 992
981 806
971 909
846 47
981 953
312 685
507 872
528 861
202 767
891 143
504 34
21 429
913 927
636 356
72 609
298 391
744 52
687 986
52 72
206 7
641 416
226 824
412 262
190 119
501 33
292 696
299 788
352 975
154 395
242 323
793 427
22 526
205 679
493 609
33 190
395 527
193 85
59 826
177 847
462 935
282 186
841 768
802 145
894 687
721 744
273 995
881 988
509 810
5 367
688 195
17 947
873 447
842 336
279 385
984 976
882 59
67 125
162 926
111 85
467 286
985 809
327 665
570 89
209 497
20 924
550 988
909 237
853 312
383 393
335 176
502 714
430 245
983 755
476 694
476 87
21 0
143 646
81 189
577 628
179 218
849 547
103 718
401 849
148 281
391 92
643 372
856 810
599 972
220 468
954 771
914 275
213 916
258 527
98 645
411 140
731 227
97 574
45 665
963 807
893 58
994 898
148 261
479 220
667 555
932 339
516 172
261 246
317 521
499 40
954 608
774 876
29 658
965 582
85 809
681 240
830 776
570 149
443 704
667 277
861 548
283 731
304 871
355 47
755 138
309 161
591 981
741 676
473 606
964 744
932 692
888 820
1000 913
343 137
481 349
836 813
204 415
866 166
71 996
345 175
163 726
882 770
520 119
560 528
805 394
248 153
999 482
541 865
960 556
211 224
303 790
338 123
857 391
299 868
513 42
232 723
95 350
998 908
962 377
644 820
676 140
673 229
959 109
707 322
626 111
565 353
459 700
944 511
447 294
330 623
32 274
861 751
30 852
560 909
308 112
886 679
378 77
940 258
858 533
134 284
247 168
661 568
341 775
637 510
715 717
777 542
377 503
850 857
757 172
360 918
133 31
173 538
111 608
273 639
381 688
15 514
841 647
878 146
468 36
920 443
556 830
585 776
651 183
251 249
347 52
395 85
493 23
394 381
869 401
835 639
238 812
443 862
997 102
828 765
932 161
819 498
640 788
514 484
698 279
730 175
922 989
889 980
617 608
952 852
757 351
118 796
799 872
499 599
286 231
37 700
654 495
623 44
553 756
598 125
169 553
648 176
747 101
780 780
107 655
584 248
612 710
831 423
622 432
836 97
565 931
682 147
857 787
88 14
540 211
735 518
582 402
932 681
587 196
586 581
238 330
793 751
668 543
694 797
458 507
862 673
549 959
729 624
105 734
933 385
534 915
687 431
728 465
678 420
343 138
637 633
710 396
560 508
179 741
129 453
388 782
0 665
103 588
60 11
232 982
700 38
552 473
372 456
618 857
343 542
699 736
955 729
16 958
459 880
75 121
633 270
347 467
858 403
769 15
125 560
651 701
29 691
419 445
47 37
513 594
768 198
418 561
402 711
237 113
857 311
717 341
486 418
40 506
973 476
890 798
880 247
506 681
311 360
79 755
546 807
471 902
748 701
471 50
943 360
784 595
573 240
185 602
252 50
482 806
994 760
801 710
528 561
337 941
293 774
111 731
560 634
670 805
596 359
509 255
507 702
759 954
292 975
651 279
411 71
953 508
58 161
514 986
445 3
514 605
137 355
88 306
100 865
510 326
531 412
714 671
498 176
853 77
416 2
872 570
728 366
236 283
787 757
234 435
463 417
305 24
237 411
728 95
500 62
775 594
156 372
64 228
222 513
250 609
469 617
358 130
659 243
265 877
374 338
959 393
190 175
269 420
434 129
395 728
65 724
572 405
580 41
28 293
814 860
517 363
372 832
316 130
207 80
722 732
683 360
380 922
75 630
134 930
453 421
148 542
917 747
665 243
231 183
538 945
705 969
737 183
409 321
632 325
722 695
137 356
173 160
686 604
452 118
917 457
238 397
931 831
512 281
214 781
693 329
598 634
23 383
444 188
387 345
15 470
675 245
901 16
390 189
44 418
687 266
762 840
208 327
535 324
247 259
633 560
422 207
782 140
945 629
314 404
907 181
754 202
879 372
767 850
397 973
441 859
630 473
570 386
97 51
685 956
456 521
777 333
57 712
11 644
792 516
284 319
31 678
869 27
88 879
106 819
715 667
893 955
372 188
729 998
325 149
230 268
190 695
137 386
510 411
439 356
189 893
315 467
407 517
742 68
454 401
946 392
908 498
503 209
315 822
24 320
653 116
660 591
237 808
752 985
416 512
865 295
699 492
233 370
373 390
382 239
233 340
961 778
829 611
669 510
308 581
965 468
801 209
242 148
824 740
336 968
419 702
510 743
219 839
450 390
120 678
807 650
969 162
217 190
152 402
812 342
278 13
842 196
256 388
761 911
202 815
383 964
985 582
437 716
403 39
28 336
126 234
83 893
316 933
996 150
522 690
452 934
269 813
311 978
551 974
339 392
483 528
224 128
510 283
855 894
574 15
476 495
926 512
625 964
977 12
438 150
224 332
25 884
243 203
396 414
713 868
119 603
140 408
613 572
819 525
147 265
258 159
564 355
980 838
619 239
125 615
533 253
509 194
134 213
353 560
812 358
813 976
251 273
244 649
439 717
410 325
470 991
263 931
198 741
729 659
809 344
997 725
176 18
552 573
513 515
17 368
554 255
605 287
967 266
516 571
168 381
550 617
294 946
172 872
105 693
877 714
34 283
560 920
221 726
