700
553 590
398 366
209 186
345 511
204 493
529 421
610 416
411 216
392 513
67 26
283 41
657 580
619 109
541 160
137 493
116 353
247 375
541 197
319 77
487 9
479 522
249 275
356 110
74 61
198 15
181 386
79 577
645 185
234 156
660 286
642 605
435 480
591 451
288 307
572 601
456 422
686 495
417 468
381 562
39 212
652 437
450 107
443 595
359 616
164 245
650 387
480 506
457 621
133 494
38 341
323 531
383 199
13 434
596 385
442 102
409 326
478 97
559 246
513 429
181 255
338 361
464 123
1 367
621 293
422 129
438 151
19 662
683 413
256 60
373 475
376 551
123 612
225 608
238 79
581 350
17 600
30 8
243 348
663 46
686 649
229 86
558 428
343 693
234 90
565 343
163 587
673 27
61 540
415 376
228 28
499 587
466 412
450 536
367 24
300 281
20 679
222 70
54 384
303 61
368 501
327 173
391 590
206 504
673 197
419 522
677 231
542 310
592 137
299 283
435 35
622 235
545 61
517 251
343 392
279 690
617 112
622 253
414 196
374 632
497 555
571 346
228 332
303 15
346 261
372 537
548 684
135 241
378 7
196 431
269 90
109 543
415 331
372 39
421 86
680 602
263 589
576 100
591 117
476 324
166 472
582 218
574 168
558 149
561 213
425 84
593 684
263 580
549 531
204 450
428 352
135 472
658 399
214 488
185 342
159 694
61 593
489 589
626 77
345 503
344 187
603 448
170 504
496 271
140 666
431 321
398 558
644 215
382 612
396 570
335 110
217 401
185 92
151 516
151 30
435 144
182 611
326 167
243 629
77 407
663 129
666 89
533 31
594 501
234 637
176 570
140 552
32 98
389 41
609 4
345 557
145 232
293 249
256 66
448 387
396 162
317 99
321 534
447 266
573 307
641 401
110 338
188 352
394 393
336 537
597 588
634 374
335 316
4 531
265 691
523 572
213 67
251 402
549 488
375 206
46 659
248 397
291 437
38 620
483 481
487 390
549 406
416 65
505 535
186 95
336 605
205 628
262 696
340 200
458 387
509 122
451 500
27 561
624 628
531 339
661 163
671 669
281 421
32 536
418 312
87 468
559 474
579 482
408 91
597 623
352 20
458 256
116 187
175 326
473 21
621 48
578 465
663 315
199 616
102 62
523 640
436 312
323 223
681 6
257 650
7 492
169 172
688 39
263 511
93 204
551 525
627 453
348 418
103 295
437 422
172 520
314 506
122 157
290 514
293 558
574 651
599 72
420 509
267 95
38 497
700 441
211 66
503 185
83 489
642 576
294 288
143 637
5 543
567 126
549 577
146 65
111 484
497 660
75 4
578 21
491 227
428 662
137 346
144 68
60 463
170 586
289 195
310 695
484 512
449 330
26 62
407 589
539 286
192 551
619 153
536 561
472 4
532 434
46 308
181 126
4 599
21 202
66 479
128 396
510 20
422 408
541 189
156 698
577 545
476 310
191 475
306 534
100 590
61 199
633 513
165 470
279 6
375 306
550 692
657 571
614 249
3 51
248 668
388 257
5 284
651 215
493 149
431 410
337 434
492 293
627 187
118 181
593 664
345 404
491 440
417 238
172 694
334 138
643 441
646 297
110 409
232 319
527 501
553 234
155 157
604 643
29 332
282 657
278 278
608 356
137 194
311 410
353 341
336 170
572 556
525 510
641 180
494 674
301 227
599 146
242 151
621 511
135 6
629 91
74 363
412 469
524 502
291 164
6 518
106 481
368 618
135 349
192 256
467 428
138 553
543 192
216 341
43 397
90 411
594 340
532 650
230 453
503 268
568 182
418 435
623 235
413 112
64 452
364 546
448 353
291 231
182 150
472 589
400 656
672 572
174 94
576 36
427 219
342 427
455 308
95 46
123 545
391 213
166 464
539 623
318 71
164 638
364 147
304 239
417 447
675 308
122 248
288 637
47 185
137 477
182 547
499 567
372 103
65 419
342 128
312 597
123 179
259 687
161 355
563 254
145 393
360 45
530 416
328 90
376 301
143 681
536 102
105 377
7 350
624 660
576 460
178 437
91 488
210 132
470 12
469 443
615 114
8 159
494 0
527 123
77 600
328 533
444 297
483 324
451 564
94 667
185 259
295 345
94 664
393 577
51 200
368 599
176 260
287 263
346 602
262 424
462 76
41 126
537 98
104 284
606 110
161 474
21 673
688 498
696 301
33 517
487 406
422 191
558 65
104 236
225 218
412 467
634 698
352 512
326 460
435 553
104 306
2 191
418 155
639 605
23 328
641 444
637 564
550 61
686 390
168 93
14 62
121 288
380 239
620 669
86 380
172 566
90 310
358 50
246 33
677 271
598 186
402 318
695 395
680 262
510 222
630 331
46 679
120 357
67 213
468 35
541 47
30 310
549 8
197 568
399 280
129 581
358 529
1 472
249 174
128 308
333 320
303 465
571 350
216 221
125 57
115 446
490 427
253 223
461 91
72 250
308 399
99 208
598 598
344 632
393 597
448 497
53 125
88 694
177 435
304 337
668 362
424 351
675 493
138 4
349 401
511 337
644 594
411 266
666 503
460 489
288 145
451 148
688 225
163 25
113 281
11 7
659 249
389 508
221 61
696 154
509 530
216 327
545 426
134 391
53 439
381 131
515 223
436 470
581 632
283 130
302 363
669 421
155 316
384 569
664 455
92 700
109 630
434 311
473 242
242 459
601 184
440 671
208 91
451 232
404 40
634 648
78 255
697 155
159 219
30 82
458 373
336 440
487 80
43 320
239 17
170 650
17 427
513 554
274 113
507 77
254 396
275 133
516 104
493 368
424 137
101 79
628 291
41 296
127 602
55 355
401 378
104 199
19 37
43 207
388 433
496 54
426 511
624 97
580 243
276 105
52 422
8 451
279 454
239 329
271 219
515 602
555 441
425 236
450 511
550 424
39 449
75 607
228 120
308 521
160 24
348 16
20 683
623 319
28 513
259 644
53 190
459 690
70 236
394 611
592 632
340 532
340 59
496 289
698 434
191 149
247 549
24 579
178 488
417 412
691 370
90 48
643 553
284 411
566 270
510 367
392 654
5 673
518 610
513 31
683 399
281 402
364 664
446 242
680 306
492 302
359 287
395 76
310 63
405 579
345 402
59 292
266 525
371 475
574 201
83 247
208 398
408 306
244 20
118 223
634 452
